           8           2
          83           1          82
   0           1   0           3   0          -1   0          -3   0          -5   0           1   0          -3   0           3   0          -1   0          -3   0          -5   0           1   0           3   0           5   0           7   0           5   0          -3   0           3   0          -1   0          -3   0          -5   0           1   0           3   0           5   0           7   0          -5   0          -7   0          -9   0          -7   0           5   0          -3   0           3   0          -1   0          -3   0          -5   0           1   0           3   0           5   0           7   0          -5   0          -7   0          -9   0           7   0           9   0          -7   0          11   0           9   0           5   0          -3   0           1   0          -1   0          -3   0          -5   0           1   0           3   0           5   0           5   0          -3   0           1   0           3   0          -1   0          -3   0          -5   0          -3   0           1   0           3   0           5   0           7   0           5   0           3   0          -1   0          -3   0          -5   0           1   0          -3   0           3   0           5   0           7   0          -5   0          -7   0          -9   0           5   0          -7
    0.000000E+00    1.141621E+00    1.156968E+00    1.157059E+00    1.157243E+00
    1.157988E+00    1.168229E+00    1.347622E+00    1.351724E+00    1.351750E+00
    1.351803E+00    1.351887E+00    1.353930E+00    1.353939E+00    1.353956E+00
    1.354049E+00    1.354899E+00    1.417562E+00    1.419245E+00    1.419256E+00
    1.419277E+00    1.419313E+00    1.420147E+00    1.420151E+00    1.420157E+00
    1.420199E+00    1.420199E+00    1.420204E+00    1.420205E+00    1.420211E+00
    1.420556E+00    1.449537E+00    1.450380E+00    1.450385E+00    1.450396E+00
    1.450418E+00    1.450833E+00    1.450835E+00    1.450839E+00    1.450863E+00
    1.450863E+00    1.450865E+00    1.450866E+00    1.450866E+00    1.450866E+00
    1.450867E+00    1.450867E+00    1.450870E+00    1.451049E+00    2.451062E+00
    2.456238E+00    2.456334E+00    2.456530E+00    2.471149E+00    2.471240E+00
    2.471417E+00    2.478832E+00    2.481466E+00    2.504021E+00    2.679207E+00
    2.684041E+00    2.684064E+00    2.684110E+00    2.686353E+00    2.686446E+00
    2.687238E+00    2.687248E+00    2.687264E+00    2.693393E+00    2.754089E+00
    2.755739E+00    2.755747E+00    2.755763E+00    2.755908E+00    2.756400E+00
    2.756971E+00    2.756975E+00    2.756981E+00    2.758543E+00    2.758546E+00
    2.758549E+00    2.758638E+00    2.758925E+00
1.00000000E+06  0.000E+00  0.000E+00 -1.613E-04  0.000E+00  1.577E-02 -1.205E+00
                0.000E+00  0.000E+00 -3.223E-05  0.000E+00  3.699E-03  0.000E+00
                2.415E-05  0.000E+00  1.879E-03 -2.390E-01  0.000E+00  0.000E+00
               -1.335E-05  0.000E+00  1.660E-03  0.000E+00  7.182E-06  0.000E+00
                0.000E+00  5.931E-06  0.000E+00  1.028E-05  9.671E-04 -1.008E-01
                0.000E+00  0.000E+00 -9.067E-06  0.000E+00  1.222E-03  0.000E+00
                3.424E-06  0.000E+00  0.000E+00  7.393E-06  0.000E+00  0.000E+00
                2.210E-06  1.555E-05  0.000E+00  2.774E-06  5.975E-04 -7.142E-02
                4.142E-06  0.000E+00 -1.498E-09  0.000E+00  2.526E-10  0.000E+00
                1.546E-09  4.823E-06 -4.644E-05  9.662E-06  0.000E+00  0.000E+00
               -5.964E-09  0.000E+00 -3.264E-05  3.646E-06  0.000E+00  4.914E-12
                0.000E+00  3.651E-07  0.000E+00  0.000E+00 -1.982E-09  0.000E+00
                7.165E-06 -6.105E-06  0.000E+00  1.000E-30  0.000E+00  0.000E+00
                1.881E-13  0.000E+00  1.123E-06  2.318E-07
           8           2
          83           1       -3322
   0           1   0           3   0          -1   0          -3   0          -5   0           1   0          -3   0           3   0          -1   0          -3   0          -5   0           1   0           3   0           5   0           7   0           5   0          -3   0           3   0          -1   0          -3   0          -5   0           1   0           3   0           5   0           7   0          -5   0          -7   0          -9   0          -7   0           5   0          -3   0           3   0          -1   0          -3   0          -5   0           1   0           3   0           5   0           7   0          -5   0          -7   0          -9   0           7   0           9   0          -7   0          11   0           9   0           5   0          -3   0           1   0          -1   0          -3   0          -5   0           1   0           3   0           5   0           5   0          -3   0           1   0           3   0          -1   0          -3   0          -5   0          -3   0           1   0           3   0           5   0           7   0           5   0           3   0          -1   0          -3   0          -5   0           1   0          -3   0           3   0           5   0           7   0          -5   0          -7   0          -9   0           5   0          -7
    0.000000E+00    1.141621E+00    1.156968E+00    1.157059E+00    1.157243E+00
    1.157988E+00    1.168229E+00    1.347622E+00    1.351724E+00    1.351750E+00
    1.351803E+00    1.351887E+00    1.353930E+00    1.353939E+00    1.353956E+00
    1.354049E+00    1.354899E+00    1.417562E+00    1.419245E+00    1.419256E+00
    1.419277E+00    1.419313E+00    1.420147E+00    1.420151E+00    1.420157E+00
    1.420199E+00    1.420199E+00    1.420204E+00    1.420205E+00    1.420211E+00
    1.420556E+00    1.449537E+00    1.450380E+00    1.450385E+00    1.450396E+00
    1.450418E+00    1.450833E+00    1.450835E+00    1.450839E+00    1.450863E+00
    1.450863E+00    1.450865E+00    1.450866E+00    1.450866E+00    1.450866E+00
    1.450867E+00    1.450867E+00    1.450870E+00    1.451049E+00    2.451062E+00
    2.456238E+00    2.456334E+00    2.456530E+00    2.471149E+00    2.471240E+00
    2.471417E+00    2.478832E+00    2.481466E+00    2.504021E+00    2.679207E+00
    2.684041E+00    2.684064E+00    2.684110E+00    2.686353E+00    2.686446E+00
    2.687238E+00    2.687248E+00    2.687264E+00    2.693393E+00    2.754089E+00
    2.755739E+00    2.755747E+00    2.755763E+00    2.755908E+00    2.756400E+00
    2.756971E+00    2.756975E+00    2.756981E+00    2.758543E+00    2.758546E+00
    2.758549E+00    2.758638E+00    2.758925E+00
1.00000000E+06  0.000E+00  0.000E+00  0.000E+00 -1.613E-04  0.000E+00  0.000E+00
                0.000E+00  0.000E+00  0.000E+00  0.000E+00  1.577E-02  0.000E+00
                0.000E+00  0.000E+00  0.000E+00 -1.205E+00  0.000E+00  0.000E+00
                0.000E+00  0.000E+00  0.000E+00  0.000E+00  0.000E+00  0.000E+00
                0.000E+00  0.000E+00  0.000E+00  0.000E+00  0.000E+00  0.000E+00
                0.000E+00  0.000E+00  0.000E+00  0.000E+00  0.000E+00  0.000E+00
               -3.223E-05  0.000E+00  0.000E+00  0.000E+00  0.000E+00  0.000E+00
                0.000E+00  0.000E+00  0.000E+00  0.000E+00  0.000E+00  0.000E+00
                0.000E+00  0.000E+00  0.000E+00  0.000E+00  0.000E+00  0.000E+00
                0.000E+00  3.699E-03  0.000E+00  0.000E+00  0.000E+00  0.000E+00
                0.000E+00  0.000E+00  0.000E+00  0.000E+00  0.000E+00  0.000E+00
                0.000E+00  0.000E+00  0.000E+00  0.000E+00  0.000E+00  0.000E+00
                0.000E+00  0.000E+00  0.000E+00  0.000E+00  0.000E+00  0.000E+00
                2.415E-05  0.000E+00  0.000E+00  0.000E+00  0.000E+00  0.000E+00
                0.000E+00  0.000E+00  0.000E+00  0.000E+00  0.000E+00  0.000E+00
                0.000E+00  0.000E+00  0.000E+00  0.000E+00  0.000E+00  0.000E+00
                0.000E+00  0.000E+00  0.000E+00  0.000E+00  0.000E+00  0.000E+00
                0.000E+00  0.000E+00  0.000E+00  1.879E-03  0.000E+00  0.000E+00
                0.000E+00  0.000E+00  0.000E+00  0.000E+00  0.000E+00  0.000E+00
                0.000E+00  0.000E+00  0.000E+00  0.000E+00  0.000E+00  0.000E+00
               -2.390E-01  0.000E+00  0.000E+00  0.000E+00  0.000E+00  0.000E+00
                0.000E+00  0.000E+00  0.000E+00  0.000E+00  0.000E+00  0.000E+00
                0.000E+00  0.000E+00  0.000E+00  0.000E+00  0.000E+00  0.000E+00
                0.000E+00  0.000E+00  0.000E+00  0.000E+00  0.000E+00  0.000E+00
                0.000E+00  0.000E+00  0.000E+00  0.000E+00  0.000E+00  0.000E+00
                0.000E+00  0.000E+00  0.000E+00  0.000E+00  0.000E+00  0.000E+00
                0.000E+00  0.000E+00  0.000E+00  0.000E+00  0.000E+00  0.000E+00
                0.000E+00  0.000E+00  0.000E+00  0.000E+00  0.000E+00  0.000E+00
                0.000E+00  0.000E+00  0.000E+00 -1.335E-05  0.000E+00  0.000E+00
                0.000E+00  0.000E+00  0.000E+00  0.000E+00  0.000E+00  0.000E+00
                0.000E+00  0.000E+00  0.000E+00  0.000E+00  0.000E+00  0.000E+00
                0.000E+00  0.000E+00  0.000E+00  0.000E+00  0.000E+00  0.000E+00
                0.000E+00  0.000E+00  0.000E+00  0.000E+00  0.000E+00  0.000E+00
                0.000E+00  0.000E+00  0.000E+00  0.000E+00  0.000E+00  0.000E+00
                0.000E+00  0.000E+00  0.000E+00  0.000E+00  0.000E+00  0.000E+00
                1.660E-03  0.000E+00  0.000E+00  0.000E+00  0.000E+00  0.000E+00
                0.000E+00  0.000E+00  0.000E+00  0.000E+00  0.000E+00  0.000E+00
                0.000E+00  0.000E+00  0.000E+00  0.000E+00  0.000E+00  0.000E+00
                0.000E+00  0.000E+00  0.000E+00  0.000E+00  0.000E+00  0.000E+00
                0.000E+00  0.000E+00  0.000E+00  0.000E+00  0.000E+00  0.000E+00
                0.000E+00  0.000E+00  0.000E+00  0.000E+00  0.000E+00  0.000E+00
                0.000E+00  0.000E+00  0.000E+00  0.000E+00  0.000E+00  0.000E+00
                0.000E+00  7.182E-06  0.000E+00  0.000E+00  0.000E+00  0.000E+00
                0.000E+00  0.000E+00  0.000E+00  0.000E+00  0.000E+00  0.000E+00
                0.000E+00  0.000E+00  0.000E+00  0.000E+00  0.000E+00  0.000E+00
                0.000E+00  0.000E+00  0.000E+00  0.000E+00  0.000E+00  0.000E+00
                0.000E+00  0.000E+00  0.000E+00  0.000E+00  0.000E+00  0.000E+00
                0.000E+00  0.000E+00  0.000E+00  0.000E+00  0.000E+00  0.000E+00
                0.000E+00  0.000E+00  0.000E+00  0.000E+00  0.000E+00  0.000E+00
                0.000E+00  0.000E+00  0.000E+00  0.000E+00  0.000E+00  0.000E+00
                0.000E+00  0.000E+00  0.000E+00  0.000E+00  0.000E+00  0.000E+00
                0.000E+00  0.000E+00  0.000E+00  0.000E+00  0.000E+00  0.000E+00
                0.000E+00  0.000E+00  0.000E+00  0.000E+00  0.000E+00  0.000E+00
                0.000E+00  0.000E+00  0.000E+00  0.000E+00  0.000E+00  0.000E+00
                0.000E+00  5.931E-06  0.000E+00  0.000E+00  0.000E+00  0.000E+00
                0.000E+00  0.000E+00  0.000E+00  0.000E+00  0.000E+00  0.000E+00
                0.000E+00  0.000E+00  0.000E+00  0.000E+00  0.000E+00  0.000E+00
                0.000E+00  0.000E+00  0.000E+00  0.000E+00  0.000E+00  0.000E+00
                0.000E+00  0.000E+00  0.000E+00  0.000E+00  0.000E+00  0.000E+00
                0.000E+00  0.000E+00  0.000E+00  0.000E+00  0.000E+00  0.000E+00
                0.000E+00  0.000E+00  0.000E+00  0.000E+00  0.000E+00  0.000E+00
                0.000E+00  0.000E+00  0.000E+00  0.000E+00  0.000E+00  0.000E+00
                0.000E+00  0.000E+00  0.000E+00  0.000E+00  0.000E+00  0.000E+00
                1.028E-05  0.000E+00  0.000E+00  0.000E+00  0.000E+00  0.000E+00
                0.000E+00  0.000E+00  0.000E+00  0.000E+00  0.000E+00  0.000E+00
                0.000E+00  0.000E+00  0.000E+00  0.000E+00  0.000E+00  0.000E+00
                0.000E+00  0.000E+00  0.000E+00  0.000E+00  0.000E+00  0.000E+00
                0.000E+00  0.000E+00  0.000E+00  0.000E+00  9.671E-04  0.000E+00
                0.000E+00  0.000E+00  0.000E+00  0.000E+00  0.000E+00  0.000E+00
                0.000E+00  0.000E+00  0.000E+00  0.000E+00  0.000E+00  0.000E+00
                0.000E+00  0.000E+00  0.000E+00  0.000E+00  0.000E+00  0.000E+00
                0.000E+00  0.000E+00  0.000E+00  0.000E+00  0.000E+00  0.000E+00
                0.000E+00  0.000E+00  0.000E+00 -1.008E-01  0.000E+00  0.000E+00
                0.000E+00  0.000E+00  0.000E+00  0.000E+00  0.000E+00  0.000E+00
                0.000E+00  0.000E+00  0.000E+00  0.000E+00  0.000E+00  0.000E+00
                0.000E+00  0.000E+00  0.000E+00  0.000E+00  0.000E+00  0.000E+00
                0.000E+00  0.000E+00  0.000E+00  0.000E+00  0.000E+00  0.000E+00
                0.000E+00  0.000E+00  0.000E+00  0.000E+00  0.000E+00  0.000E+00
                0.000E+00  0.000E+00  0.000E+00  0.000E+00  0.000E+00  0.000E+00
                0.000E+00  0.000E+00  0.000E+00  0.000E+00  0.000E+00  0.000E+00
                0.000E+00  0.000E+00  0.000E+00  0.000E+00  0.000E+00  0.000E+00
                0.000E+00  0.000E+00  0.000E+00  0.000E+00  0.000E+00  0.000E+00
                0.000E+00  0.000E+00  0.000E+00  0.000E+00  0.000E+00  0.000E+00
                0.000E+00  0.000E+00  0.000E+00  0.000E+00  0.000E+00  0.000E+00
                0.000E+00  0.000E+00  0.000E+00  0.000E+00  0.000E+00  0.000E+00
                0.000E+00  0.000E+00  0.000E+00  0.000E+00  0.000E+00  0.000E+00
                0.000E+00  0.000E+00  0.000E+00  0.000E+00  0.000E+00  0.000E+00
                0.000E+00  0.000E+00  0.000E+00  0.000E+00  0.000E+00  0.000E+00
               -9.067E-06  0.000E+00  0.000E+00  0.000E+00  0.000E+00  0.000E+00
                0.000E+00  0.000E+00  0.000E+00  0.000E+00  0.000E+00  0.000E+00
                0.000E+00  0.000E+00  0.000E+00  0.000E+00  0.000E+00  0.000E+00
                0.000E+00  0.000E+00  0.000E+00  0.000E+00  0.000E+00  0.000E+00
                0.000E+00  0.000E+00  0.000E+00  0.000E+00  0.000E+00  0.000E+00
                0.000E+00  0.000E+00  0.000E+00  0.000E+00  0.000E+00  0.000E+00
                0.000E+00  0.000E+00  0.000E+00  0.000E+00  0.000E+00  0.000E+00
                0.000E+00  0.000E+00  0.000E+00  0.000E+00  0.000E+00  0.000E+00
                0.000E+00  0.000E+00  0.000E+00  0.000E+00  0.000E+00  0.000E+00
                0.000E+00  0.000E+00  0.000E+00  0.000E+00  0.000E+00  0.000E+00
                0.000E+00  0.000E+00  0.000E+00  0.000E+00  0.000E+00  0.000E+00
                0.000E+00  1.222E-03  0.000E+00  0.000E+00  0.000E+00  0.000E+00
                0.000E+00  0.000E+00  0.000E+00  0.000E+00  0.000E+00  0.000E+00
                0.000E+00  0.000E+00  0.000E+00  0.000E+00  0.000E+00  0.000E+00
                0.000E+00  0.000E+00  0.000E+00  0.000E+00  0.000E+00  0.000E+00
                0.000E+00  0.000E+00  0.000E+00  0.000E+00  0.000E+00  0.000E+00
                0.000E+00  0.000E+00  0.000E+00  0.000E+00  0.000E+00  0.000E+00
                0.000E+00  0.000E+00  0.000E+00  0.000E+00  0.000E+00  0.000E+00
                0.000E+00  0.000E+00  0.000E+00  0.000E+00  0.000E+00  0.000E+00
                0.000E+00  0.000E+00  0.000E+00  0.000E+00  0.000E+00  0.000E+00
                0.000E+00  0.000E+00  0.000E+00  0.000E+00  0.000E+00  0.000E+00
                0.000E+00  0.000E+00  0.000E+00  0.000E+00  0.000E+00  0.000E+00
                0.000E+00  0.000E+00  0.000E+00  0.000E+00  0.000E+00  0.000E+00
                3.424E-06  0.000E+00  0.000E+00  0.000E+00  0.000E+00  0.000E+00
                0.000E+00  0.000E+00  0.000E+00  0.000E+00  0.000E+00  0.000E+00
                0.000E+00  0.000E+00  0.000E+00  0.000E+00  0.000E+00  0.000E+00
                0.000E+00  0.000E+00  0.000E+00  0.000E+00  0.000E+00  0.000E+00
                0.000E+00  0.000E+00  0.000E+00  0.000E+00  0.000E+00  0.000E+00
                0.000E+00  0.000E+00  0.000E+00  0.000E+00  0.000E+00  0.000E+00
                0.000E+00  0.000E+00  0.000E+00  0.000E+00  0.000E+00  0.000E+00
                0.000E+00  0.000E+00  0.000E+00  0.000E+00  0.000E+00  0.000E+00
                0.000E+00  0.000E+00  0.000E+00  0.000E+00  0.000E+00  0.000E+00
                0.000E+00  0.000E+00  0.000E+00  0.000E+00  0.000E+00  0.000E+00
                0.000E+00  0.000E+00  0.000E+00  0.000E+00  0.000E+00  0.000E+00
                0.000E+00  0.000E+00  0.000E+00  0.000E+00  0.000E+00  0.000E+00
                0.000E+00  0.000E+00  0.000E+00  0.000E+00  0.000E+00  0.000E+00
                0.000E+00  0.000E+00  0.000E+00  0.000E+00  0.000E+00  0.000E+00
                0.000E+00  0.000E+00  0.000E+00  0.000E+00  0.000E+00  0.000E+00
                0.000E+00  0.000E+00  0.000E+00  0.000E+00  0.000E+00  0.000E+00
                0.000E+00  0.000E+00  0.000E+00  0.000E+00  0.000E+00  0.000E+00
                0.000E+00  0.000E+00  0.000E+00  0.000E+00  0.000E+00  0.000E+00
                0.000E+00  0.000E+00  0.000E+00  0.000E+00  0.000E+00  0.000E+00
                7.393E-06  0.000E+00  0.000E+00  0.000E+00  0.000E+00  0.000E+00
                0.000E+00  0.000E+00  0.000E+00  0.000E+00  0.000E+00  0.000E+00
                0.000E+00  0.000E+00  0.000E+00  0.000E+00  0.000E+00  0.000E+00
                0.000E+00  0.000E+00  0.000E+00  0.000E+00  0.000E+00  0.000E+00
                0.000E+00  0.000E+00  0.000E+00  0.000E+00  0.000E+00  0.000E+00
                0.000E+00  0.000E+00  0.000E+00  0.000E+00  0.000E+00  0.000E+00
                0.000E+00  0.000E+00  0.000E+00  0.000E+00  0.000E+00  0.000E+00
                0.000E+00  0.000E+00  0.000E+00  0.000E+00  0.000E+00  0.000E+00
                0.000E+00  0.000E+00  0.000E+00  0.000E+00  0.000E+00  0.000E+00
                0.000E+00  0.000E+00  0.000E+00  0.000E+00  0.000E+00  0.000E+00
                0.000E+00  0.000E+00  0.000E+00  0.000E+00  0.000E+00  0.000E+00
                0.000E+00  0.000E+00  0.000E+00  0.000E+00  0.000E+00  0.000E+00
                0.000E+00  0.000E+00  0.000E+00  0.000E+00  0.000E+00  0.000E+00
                0.000E+00  0.000E+00  0.000E+00  0.000E+00  0.000E+00  0.000E+00
                0.000E+00  0.000E+00  0.000E+00  0.000E+00  0.000E+00  0.000E+00
                0.000E+00  0.000E+00  0.000E+00  0.000E+00  0.000E+00  0.000E+00
                0.000E+00  0.000E+00  0.000E+00  0.000E+00  0.000E+00  0.000E+00
                0.000E+00  0.000E+00  0.000E+00  0.000E+00  0.000E+00  0.000E+00
                0.000E+00  0.000E+00  0.000E+00  0.000E+00  0.000E+00  0.000E+00
                0.000E+00  0.000E+00  0.000E+00  0.000E+00  0.000E+00  0.000E+00
                0.000E+00  0.000E+00  0.000E+00  2.210E-06  0.000E+00  0.000E+00
                0.000E+00  0.000E+00  0.000E+00  0.000E+00  0.000E+00  0.000E+00
                0.000E+00  0.000E+00  0.000E+00  0.000E+00  0.000E+00  0.000E+00
                0.000E+00  0.000E+00  0.000E+00  0.000E+00  0.000E+00  0.000E+00
                0.000E+00  0.000E+00  0.000E+00  0.000E+00  0.000E+00  0.000E+00
                0.000E+00  0.000E+00  0.000E+00  0.000E+00  0.000E+00  0.000E+00
                0.000E+00  0.000E+00  0.000E+00  0.000E+00  0.000E+00  0.000E+00
                0.000E+00  0.000E+00  0.000E+00  0.000E+00  1.555E-05  0.000E+00
                0.000E+00  0.000E+00  0.000E+00  0.000E+00  0.000E+00  0.000E+00
                0.000E+00  0.000E+00  0.000E+00  0.000E+00  0.000E+00  0.000E+00
                0.000E+00  0.000E+00  0.000E+00  0.000E+00  0.000E+00  0.000E+00
                0.000E+00  0.000E+00  0.000E+00  0.000E+00  0.000E+00  0.000E+00
                0.000E+00  0.000E+00  0.000E+00  0.000E+00  0.000E+00  0.000E+00
                0.000E+00  0.000E+00  0.000E+00  0.000E+00  0.000E+00  0.000E+00
                0.000E+00  0.000E+00  0.000E+00  0.000E+00  0.000E+00  0.000E+00
                0.000E+00  0.000E+00  0.000E+00  0.000E+00  0.000E+00  0.000E+00
                0.000E+00  0.000E+00  0.000E+00  0.000E+00  0.000E+00  0.000E+00
                0.000E+00  0.000E+00  0.000E+00  0.000E+00  0.000E+00  0.000E+00
                0.000E+00  0.000E+00  0.000E+00  0.000E+00  0.000E+00  0.000E+00
                0.000E+00  0.000E+00  0.000E+00  0.000E+00  0.000E+00  0.000E+00
                0.000E+00  0.000E+00  0.000E+00  0.000E+00  0.000E+00  0.000E+00
                0.000E+00  0.000E+00  0.000E+00  0.000E+00  0.000E+00  0.000E+00
                0.000E+00  0.000E+00  0.000E+00  2.774E-06  0.000E+00  0.000E+00
                0.000E+00  0.000E+00  0.000E+00  0.000E+00  0.000E+00  0.000E+00
                0.000E+00  0.000E+00  0.000E+00  0.000E+00  0.000E+00  0.000E+00
                0.000E+00  0.000E+00  0.000E+00  0.000E+00  0.000E+00  0.000E+00
                0.000E+00  0.000E+00  0.000E+00  0.000E+00  0.000E+00  0.000E+00
                0.000E+00  0.000E+00  0.000E+00  0.000E+00  0.000E+00  0.000E+00
                0.000E+00  0.000E+00  0.000E+00  0.000E+00  0.000E+00  0.000E+00
                0.000E+00  0.000E+00  0.000E+00  0.000E+00  0.000E+00  0.000E+00
                0.000E+00  5.975E-04  0.000E+00  0.000E+00  0.000E+00  0.000E+00
                0.000E+00  0.000E+00  0.000E+00  0.000E+00  0.000E+00  0.000E+00
                0.000E+00  0.000E+00  0.000E+00  0.000E+00  0.000E+00  0.000E+00
                0.000E+00  0.000E+00  0.000E+00  0.000E+00  0.000E+00  0.000E+00
                0.000E+00  0.000E+00  0.000E+00  0.000E+00  0.000E+00  0.000E+00
                0.000E+00  0.000E+00  0.000E+00  0.000E+00  0.000E+00  0.000E+00
                0.000E+00  0.000E+00  0.000E+00  0.000E+00  0.000E+00  0.000E+00
                0.000E+00  0.000E+00  0.000E+00  0.000E+00  0.000E+00  0.000E+00
               -7.142E-02  0.000E+00  0.000E+00  0.000E+00  0.000E+00  0.000E+00
                0.000E+00  0.000E+00  0.000E+00  0.000E+00  0.000E+00  0.000E+00
                0.000E+00  0.000E+00  0.000E+00  0.000E+00  0.000E+00  0.000E+00
                0.000E+00  0.000E+00  0.000E+00  0.000E+00  0.000E+00  0.000E+00
                0.000E+00  0.000E+00  0.000E+00  0.000E+00  0.000E+00  0.000E+00
                0.000E+00  0.000E+00  0.000E+00  0.000E+00  0.000E+00  0.000E+00
                0.000E+00  0.000E+00  0.000E+00  0.000E+00  0.000E+00  0.000E+00
                0.000E+00  0.000E+00  0.000E+00  0.000E+00  0.000E+00  0.000E+00
                4.142E-06  0.000E+00  0.000E+00  0.000E+00  0.000E+00  0.000E+00
                0.000E+00  0.000E+00  0.000E+00  0.000E+00  0.000E+00  0.000E+00
                0.000E+00  0.000E+00  0.000E+00  0.000E+00  0.000E+00  0.000E+00
                0.000E+00  0.000E+00  0.000E+00  0.000E+00  0.000E+00  0.000E+00
                0.000E+00  0.000E+00  0.000E+00  0.000E+00  0.000E+00  0.000E+00
                0.000E+00  0.000E+00  0.000E+00  0.000E+00  0.000E+00  0.000E+00
                0.000E+00  0.000E+00  0.000E+00  0.000E+00  0.000E+00  0.000E+00
                0.000E+00  0.000E+00  0.000E+00  0.000E+00  0.000E+00  0.000E+00
                0.000E+00  0.000E+00  0.000E+00  0.000E+00  0.000E+00  0.000E+00
                0.000E+00  0.000E+00  0.000E+00  0.000E+00  0.000E+00  0.000E+00
                0.000E+00  0.000E+00  0.000E+00  0.000E+00  0.000E+00  0.000E+00
                0.000E+00  0.000E+00  0.000E+00  0.000E+00  0.000E+00  0.000E+00
                0.000E+00  0.000E+00  0.000E+00  0.000E+00  0.000E+00  0.000E+00
                0.000E+00  0.000E+00  0.000E+00  0.000E+00  0.000E+00  0.000E+00
                0.000E+00  0.000E+00  0.000E+00  0.000E+00  0.000E+00  0.000E+00
                0.000E+00  0.000E+00  0.000E+00  0.000E+00  0.000E+00  0.000E+00
                0.000E+00  0.000E+00  0.000E+00 -1.498E-09  0.000E+00  0.000E+00
                0.000E+00  0.000E+00  0.000E+00  0.000E+00  0.000E+00  0.000E+00
                0.000E+00  0.000E+00  0.000E+00  0.000E+00  0.000E+00  0.000E+00
                0.000E+00  0.000E+00  0.000E+00  0.000E+00  0.000E+00  0.000E+00
                0.000E+00  0.000E+00  0.000E+00  0.000E+00  0.000E+00  0.000E+00
                0.000E+00  0.000E+00  0.000E+00  0.000E+00  0.000E+00  0.000E+00
                0.000E+00  0.000E+00  0.000E+00  0.000E+00  0.000E+00  0.000E+00
                0.000E+00  0.000E+00  0.000E+00  0.000E+00  0.000E+00  0.000E+00
                0.000E+00  0.000E+00  0.000E+00  0.000E+00  0.000E+00  0.000E+00
                0.000E+00  0.000E+00  0.000E+00  0.000E+00  0.000E+00  0.000E+00
                0.000E+00  0.000E+00  0.000E+00  0.000E+00  0.000E+00  0.000E+00
                0.000E+00  0.000E+00  0.000E+00  0.000E+00  0.000E+00  0.000E+00
                0.000E+00  0.000E+00  0.000E+00  0.000E+00  0.000E+00  0.000E+00
                0.000E+00  0.000E+00  0.000E+00  0.000E+00  0.000E+00  0.000E+00
                0.000E+00  0.000E+00  0.000E+00  0.000E+00  0.000E+00  0.000E+00
                0.000E+00  0.000E+00  0.000E+00  0.000E+00  0.000E+00  0.000E+00
                0.000E+00  0.000E+00  0.000E+00  0.000E+00  0.000E+00  0.000E+00
                0.000E+00  0.000E+00  0.000E+00  0.000E+00  2.526E-10  0.000E+00
                0.000E+00  0.000E+00  0.000E+00  0.000E+00  0.000E+00  0.000E+00
                0.000E+00  0.000E+00  0.000E+00  0.000E+00  0.000E+00  0.000E+00
                0.000E+00  0.000E+00  0.000E+00  0.000E+00  0.000E+00  0.000E+00
                0.000E+00  0.000E+00  0.000E+00  0.000E+00  0.000E+00  0.000E+00
                0.000E+00  0.000E+00  0.000E+00  0.000E+00  0.000E+00  0.000E+00
                0.000E+00  0.000E+00  0.000E+00  0.000E+00  0.000E+00  0.000E+00
                0.000E+00  0.000E+00  0.000E+00  0.000E+00  0.000E+00  0.000E+00
                0.000E+00  0.000E+00  0.000E+00  0.000E+00  0.000E+00  0.000E+00
                0.000E+00  0.000E+00  0.000E+00  0.000E+00  0.000E+00  0.000E+00
                0.000E+00  0.000E+00  0.000E+00  0.000E+00  0.000E+00  0.000E+00
                0.000E+00  0.000E+00  0.000E+00  0.000E+00  0.000E+00  0.000E+00
                0.000E+00  0.000E+00  0.000E+00  0.000E+00  0.000E+00  0.000E+00
                0.000E+00  0.000E+00  0.000E+00  0.000E+00  0.000E+00  0.000E+00
                0.000E+00  0.000E+00  0.000E+00  0.000E+00  0.000E+00  0.000E+00
                0.000E+00  0.000E+00  0.000E+00  0.000E+00  0.000E+00  0.000E+00
                0.000E+00  0.000E+00  0.000E+00  0.000E+00  0.000E+00  0.000E+00
                0.000E+00  0.000E+00  0.000E+00  0.000E+00  0.000E+00  0.000E+00
                0.000E+00  0.000E+00  0.000E+00  1.546E-09  0.000E+00  0.000E+00
                0.000E+00  0.000E+00  0.000E+00  0.000E+00  0.000E+00  0.000E+00
                0.000E+00  0.000E+00  0.000E+00  0.000E+00  0.000E+00  0.000E+00
                0.000E+00  0.000E+00  0.000E+00  0.000E+00  0.000E+00  0.000E+00
                0.000E+00  0.000E+00  0.000E+00  0.000E+00  0.000E+00  0.000E+00
                0.000E+00  0.000E+00  0.000E+00  0.000E+00  0.000E+00  0.000E+00
                0.000E+00  0.000E+00  0.000E+00  0.000E+00  0.000E+00  0.000E+00
                0.000E+00  0.000E+00  0.000E+00  0.000E+00  0.000E+00  0.000E+00
                0.000E+00  0.000E+00  0.000E+00  0.000E+00  0.000E+00  0.000E+00
                0.000E+00  0.000E+00  0.000E+00  0.000E+00  4.823E-06  0.000E+00
                0.000E+00  0.000E+00  0.000E+00  0.000E+00  0.000E+00  0.000E+00
                0.000E+00  0.000E+00  0.000E+00  0.000E+00  0.000E+00  0.000E+00
                0.000E+00  0.000E+00  0.000E+00  0.000E+00  0.000E+00  0.000E+00
                0.000E+00  0.000E+00  0.000E+00  0.000E+00  0.000E+00  0.000E+00
                0.000E+00  0.000E+00  0.000E+00  0.000E+00  0.000E+00  0.000E+00
                0.000E+00  0.000E+00  0.000E+00  0.000E+00  0.000E+00  0.000E+00
                0.000E+00  0.000E+00  0.000E+00  0.000E+00  0.000E+00  0.000E+00
                0.000E+00  0.000E+00  0.000E+00  0.000E+00  0.000E+00  0.000E+00
                0.000E+00  0.000E+00  0.000E+00  0.000E+00  0.000E+00  0.000E+00
               -4.644E-05  0.000E+00  0.000E+00  0.000E+00  0.000E+00  0.000E+00
                0.000E+00  0.000E+00  0.000E+00  0.000E+00  0.000E+00  0.000E+00
                0.000E+00  0.000E+00  0.000E+00  0.000E+00  0.000E+00  0.000E+00
                0.000E+00  0.000E+00  0.000E+00  0.000E+00  0.000E+00  0.000E+00
                0.000E+00  0.000E+00  0.000E+00  0.000E+00  0.000E+00  0.000E+00
                0.000E+00  0.000E+00  0.000E+00  0.000E+00  0.000E+00  0.000E+00
                0.000E+00  0.000E+00  0.000E+00  0.000E+00  0.000E+00  0.000E+00
                0.000E+00  0.000E+00  0.000E+00  0.000E+00  0.000E+00  0.000E+00
                0.000E+00  0.000E+00  0.000E+00  0.000E+00  0.000E+00  0.000E+00
                0.000E+00  0.000E+00  0.000E+00  9.662E-06  0.000E+00  0.000E+00
                0.000E+00  0.000E+00  0.000E+00  0.000E+00  0.000E+00  0.000E+00
                0.000E+00  0.000E+00  0.000E+00  0.000E+00  0.000E+00  0.000E+00
                0.000E+00  0.000E+00  0.000E+00  0.000E+00  0.000E+00  0.000E+00
                0.000E+00  0.000E+00  0.000E+00  0.000E+00  0.000E+00  0.000E+00
                0.000E+00  0.000E+00  0.000E+00  0.000E+00  0.000E+00  0.000E+00
                0.000E+00  0.000E+00  0.000E+00  0.000E+00  0.000E+00  0.000E+00
                0.000E+00  0.000E+00  0.000E+00  0.000E+00  0.000E+00  0.000E+00
                0.000E+00  0.000E+00  0.000E+00  0.000E+00  0.000E+00  0.000E+00
                0.000E+00  0.000E+00  0.000E+00  0.000E+00  0.000E+00  0.000E+00
                0.000E+00  0.000E+00  0.000E+00  0.000E+00  0.000E+00  0.000E+00
                0.000E+00  0.000E+00  0.000E+00  0.000E+00  0.000E+00  0.000E+00
                0.000E+00  0.000E+00  0.000E+00  0.000E+00  0.000E+00  0.000E+00
                0.000E+00  0.000E+00  0.000E+00  0.000E+00  0.000E+00  0.000E+00
                0.000E+00  0.000E+00  0.000E+00  0.000E+00  0.000E+00  0.000E+00
                0.000E+00  0.000E+00  0.000E+00  0.000E+00  0.000E+00  0.000E+00
                0.000E+00  0.000E+00  0.000E+00  0.000E+00  0.000E+00  0.000E+00
                0.000E+00  0.000E+00  0.000E+00  0.000E+00  0.000E+00  0.000E+00
                0.000E+00  0.000E+00  0.000E+00  0.000E+00  0.000E+00  0.000E+00
                0.000E+00  0.000E+00  0.000E+00  0.000E+00  0.000E+00  0.000E+00
                0.000E+00  0.000E+00  0.000E+00  0.000E+00  0.000E+00  0.000E+00
                0.000E+00  0.000E+00  0.000E+00  0.000E+00  0.000E+00  0.000E+00
                0.000E+00  0.000E+00  0.000E+00  0.000E+00  0.000E+00  0.000E+00
                0.000E+00  0.000E+00  0.000E+00  0.000E+00  0.000E+00  0.000E+00
                0.000E+00  0.000E+00  0.000E+00  0.000E+00  0.000E+00  0.000E+00
                0.000E+00  0.000E+00  0.000E+00  0.000E+00  0.000E+00  0.000E+00
                0.000E+00  0.000E+00  0.000E+00  0.000E+00  0.000E+00  0.000E+00
                0.000E+00  0.000E+00  0.000E+00  0.000E+00  0.000E+00  0.000E+00
                0.000E+00  0.000E+00  0.000E+00  0.000E+00  0.000E+00  0.000E+00
                0.000E+00  0.000E+00  0.000E+00  0.000E+00  0.000E+00  0.000E+00
               -5.964E-09  0.000E+00  0.000E+00  0.000E+00  0.000E+00  0.000E+00
                0.000E+00  0.000E+00  0.000E+00  0.000E+00  0.000E+00  0.000E+00
                0.000E+00  0.000E+00  0.000E+00  0.000E+00  0.000E+00  0.000E+00
                0.000E+00  0.000E+00  0.000E+00  0.000E+00  0.000E+00  0.000E+00
                0.000E+00  0.000E+00  0.000E+00  0.000E+00  0.000E+00  0.000E+00
                0.000E+00  0.000E+00  0.000E+00  0.000E+00  0.000E+00  0.000E+00
                0.000E+00  0.000E+00  0.000E+00  0.000E+00  0.000E+00  0.000E+00
                0.000E+00  0.000E+00  0.000E+00  0.000E+00  0.000E+00  0.000E+00
                0.000E+00  0.000E+00  0.000E+00  0.000E+00  0.000E+00  0.000E+00
                0.000E+00  0.000E+00  0.000E+00  0.000E+00  0.000E+00  0.000E+00
                0.000E+00  0.000E+00  0.000E+00  0.000E+00  0.000E+00  0.000E+00
                0.000E+00  0.000E+00  0.000E+00  0.000E+00  0.000E+00  0.000E+00
                0.000E+00  0.000E+00  0.000E+00  0.000E+00  0.000E+00  0.000E+00
                0.000E+00  0.000E+00  0.000E+00  0.000E+00  0.000E+00  0.000E+00
                0.000E+00  0.000E+00  0.000E+00  0.000E+00  0.000E+00  0.000E+00
                0.000E+00  0.000E+00  0.000E+00  0.000E+00  0.000E+00  0.000E+00
                0.000E+00  0.000E+00  0.000E+00  0.000E+00  0.000E+00  0.000E+00
                0.000E+00  0.000E+00  0.000E+00  0.000E+00  0.000E+00  0.000E+00
                0.000E+00  0.000E+00  0.000E+00  0.000E+00  0.000E+00  0.000E+00
                0.000E+00  0.000E+00  0.000E+00  0.000E+00  0.000E+00  0.000E+00
                0.000E+00  0.000E+00  0.000E+00 -3.264E-05  0.000E+00  0.000E+00
                0.000E+00  0.000E+00  0.000E+00  0.000E+00  0.000E+00  0.000E+00
                0.000E+00  0.000E+00  0.000E+00  0.000E+00  0.000E+00  0.000E+00
                0.000E+00  0.000E+00  0.000E+00  0.000E+00  0.000E+00  0.000E+00
                0.000E+00  0.000E+00  0.000E+00  0.000E+00  0.000E+00  0.000E+00
                0.000E+00  0.000E+00  0.000E+00  0.000E+00  0.000E+00  0.000E+00
                0.000E+00  0.000E+00  0.000E+00  0.000E+00  0.000E+00  0.000E+00
                0.000E+00  0.000E+00  0.000E+00  0.000E+00  0.000E+00  0.000E+00
                0.000E+00  0.000E+00  0.000E+00  0.000E+00  0.000E+00  0.000E+00
                0.000E+00  0.000E+00  0.000E+00  0.000E+00  0.000E+00  0.000E+00
                0.000E+00  0.000E+00  0.000E+00  0.000E+00  0.000E+00  0.000E+00
                3.646E-06  0.000E+00  0.000E+00  0.000E+00  0.000E+00  0.000E+00
                0.000E+00  0.000E+00  0.000E+00  0.000E+00  0.000E+00  0.000E+00
                0.000E+00  0.000E+00  0.000E+00  0.000E+00  0.000E+00  0.000E+00
                0.000E+00  0.000E+00  0.000E+00  0.000E+00  0.000E+00  0.000E+00
                0.000E+00  0.000E+00  0.000E+00  0.000E+00  0.000E+00  0.000E+00
                0.000E+00  0.000E+00  0.000E+00  0.000E+00  0.000E+00  0.000E+00
                0.000E+00  0.000E+00  0.000E+00  0.000E+00  0.000E+00  0.000E+00
                0.000E+00  0.000E+00  0.000E+00  0.000E+00  0.000E+00  0.000E+00
                0.000E+00  0.000E+00  0.000E+00  0.000E+00  0.000E+00  0.000E+00
                0.000E+00  0.000E+00  0.000E+00  0.000E+00  0.000E+00  0.000E+00
                0.000E+00  0.000E+00  0.000E+00  0.000E+00  0.000E+00  0.000E+00
                0.000E+00  0.000E+00  0.000E+00  0.000E+00  0.000E+00  0.000E+00
                0.000E+00  0.000E+00  0.000E+00  0.000E+00  0.000E+00  0.000E+00
                0.000E+00  0.000E+00  0.000E+00  0.000E+00  0.000E+00  0.000E+00
                0.000E+00  0.000E+00  0.000E+00  0.000E+00  0.000E+00  0.000E+00
                0.000E+00  0.000E+00  0.000E+00  0.000E+00  0.000E+00  0.000E+00
                0.000E+00  0.000E+00  0.000E+00  0.000E+00  0.000E+00  0.000E+00
                0.000E+00  0.000E+00  0.000E+00  0.000E+00  0.000E+00  0.000E+00
                0.000E+00  0.000E+00  0.000E+00  0.000E+00  0.000E+00  0.000E+00
                0.000E+00  0.000E+00  0.000E+00  0.000E+00  0.000E+00  0.000E+00
                0.000E+00  0.000E+00  0.000E+00  0.000E+00  0.000E+00  0.000E+00
                0.000E+00  0.000E+00  0.000E+00  4.914E-12  0.000E+00  0.000E+00
                0.000E+00  0.000E+00  0.000E+00  0.000E+00  0.000E+00  0.000E+00
                0.000E+00  0.000E+00  0.000E+00  0.000E+00  0.000E+00  0.000E+00
                0.000E+00  0.000E+00  0.000E+00  0.000E+00  0.000E+00  0.000E+00
                0.000E+00  0.000E+00  0.000E+00  0.000E+00  0.000E+00  0.000E+00
                0.000E+00  0.000E+00  0.000E+00  0.000E+00  0.000E+00  0.000E+00
                0.000E+00  0.000E+00  0.000E+00  0.000E+00  0.000E+00  0.000E+00
                0.000E+00  0.000E+00  0.000E+00  0.000E+00  0.000E+00  0.000E+00
                0.000E+00  0.000E+00  0.000E+00  0.000E+00  0.000E+00  0.000E+00
                0.000E+00  0.000E+00  0.000E+00  0.000E+00  0.000E+00  0.000E+00
                0.000E+00  0.000E+00  0.000E+00  0.000E+00  0.000E+00  0.000E+00
                0.000E+00  0.000E+00  0.000E+00  0.000E+00  0.000E+00  0.000E+00
                0.000E+00  0.000E+00  0.000E+00  0.000E+00  0.000E+00  0.000E+00
                0.000E+00  0.000E+00  0.000E+00  0.000E+00  0.000E+00  0.000E+00
                0.000E+00  0.000E+00  0.000E+00  0.000E+00  0.000E+00  0.000E+00
                0.000E+00  0.000E+00  0.000E+00  0.000E+00  0.000E+00  0.000E+00
                0.000E+00  0.000E+00  0.000E+00  0.000E+00  0.000E+00  0.000E+00
                0.000E+00  0.000E+00  0.000E+00  0.000E+00  0.000E+00  0.000E+00
                0.000E+00  0.000E+00  0.000E+00  0.000E+00  0.000E+00  0.000E+00
                0.000E+00  0.000E+00  0.000E+00  0.000E+00  0.000E+00  0.000E+00
                0.000E+00  0.000E+00  0.000E+00  0.000E+00  0.000E+00  0.000E+00
                0.000E+00  0.000E+00  0.000E+00  0.000E+00  0.000E+00  0.000E+00
                0.000E+00  0.000E+00  0.000E+00  0.000E+00  3.651E-07  0.000E+00
                0.000E+00  0.000E+00  0.000E+00  0.000E+00  0.000E+00  0.000E+00
                0.000E+00  0.000E+00  0.000E+00  0.000E+00  0.000E+00  0.000E+00
                0.000E+00  0.000E+00  0.000E+00  0.000E+00  0.000E+00  0.000E+00
                0.000E+00  0.000E+00  0.000E+00  0.000E+00  0.000E+00  0.000E+00
                0.000E+00  0.000E+00  0.000E+00  0.000E+00  0.000E+00  0.000E+00
                0.000E+00  0.000E+00  0.000E+00  0.000E+00  0.000E+00  0.000E+00
                0.000E+00  0.000E+00  0.000E+00  0.000E+00  0.000E+00  0.000E+00
                0.000E+00  0.000E+00  0.000E+00  0.000E+00  0.000E+00  0.000E+00
                0.000E+00  0.000E+00  0.000E+00  0.000E+00  0.000E+00  0.000E+00
                0.000E+00  0.000E+00  0.000E+00  0.000E+00  0.000E+00  0.000E+00
                0.000E+00  0.000E+00  0.000E+00  0.000E+00  0.000E+00  0.000E+00
                0.000E+00  0.000E+00  0.000E+00  0.000E+00  0.000E+00  0.000E+00
                0.000E+00  0.000E+00  0.000E+00  0.000E+00  0.000E+00  0.000E+00
                0.000E+00  0.000E+00  0.000E+00  0.000E+00  0.000E+00  0.000E+00
                0.000E+00  0.000E+00  0.000E+00  0.000E+00  0.000E+00  0.000E+00
                0.000E+00  0.000E+00  0.000E+00  0.000E+00  0.000E+00  0.000E+00
                0.000E+00  0.000E+00  0.000E+00  0.000E+00  0.000E+00  0.000E+00
                0.000E+00  0.000E+00  0.000E+00  0.000E+00  0.000E+00  0.000E+00
                0.000E+00  0.000E+00  0.000E+00  0.000E+00  0.000E+00  0.000E+00
                0.000E+00  0.000E+00  0.000E+00  0.000E+00  0.000E+00  0.000E+00
                0.000E+00  0.000E+00  0.000E+00  0.000E+00  0.000E+00  0.000E+00
                0.000E+00  0.000E+00  0.000E+00  0.000E+00  0.000E+00  0.000E+00
                0.000E+00  0.000E+00  0.000E+00  0.000E+00  0.000E+00  0.000E+00
                0.000E+00  0.000E+00  0.000E+00  0.000E+00  0.000E+00  0.000E+00
                0.000E+00  0.000E+00  0.000E+00  0.000E+00  0.000E+00  0.000E+00
                0.000E+00  0.000E+00  0.000E+00  0.000E+00  0.000E+00  0.000E+00
                0.000E+00  0.000E+00  0.000E+00  0.000E+00  0.000E+00  0.000E+00
                0.000E+00  0.000E+00  0.000E+00  0.000E+00  0.000E+00  0.000E+00
                0.000E+00  0.000E+00  0.000E+00  0.000E+00  0.000E+00  0.000E+00
                0.000E+00  0.000E+00  0.000E+00  0.000E+00  0.000E+00  0.000E+00
                0.000E+00  0.000E+00  0.000E+00  0.000E+00  0.000E+00  0.000E+00
                0.000E+00  0.000E+00  0.000E+00  0.000E+00  0.000E+00  0.000E+00
                0.000E+00  0.000E+00  0.000E+00  0.000E+00  0.000E+00  0.000E+00
                0.000E+00  0.000E+00  0.000E+00  0.000E+00  0.000E+00  0.000E+00
                0.000E+00 -1.982E-09  0.000E+00  0.000E+00  0.000E+00  0.000E+00
                0.000E+00  0.000E+00  0.000E+00  0.000E+00  0.000E+00  0.000E+00
                0.000E+00  0.000E+00  0.000E+00  0.000E+00  0.000E+00  0.000E+00
                0.000E+00  0.000E+00  0.000E+00  0.000E+00  0.000E+00  0.000E+00
                0.000E+00  0.000E+00  0.000E+00  0.000E+00  0.000E+00  0.000E+00
                0.000E+00  0.000E+00  0.000E+00  0.000E+00  0.000E+00  0.000E+00
                0.000E+00  0.000E+00  0.000E+00  0.000E+00  0.000E+00  0.000E+00
                0.000E+00  0.000E+00  0.000E+00  0.000E+00  0.000E+00  0.000E+00
                0.000E+00  0.000E+00  0.000E+00  0.000E+00  0.000E+00  0.000E+00
                0.000E+00  0.000E+00  0.000E+00  0.000E+00  0.000E+00  0.000E+00
                0.000E+00  0.000E+00  0.000E+00  0.000E+00  0.000E+00  0.000E+00
                0.000E+00  0.000E+00  0.000E+00  0.000E+00  0.000E+00  0.000E+00
                0.000E+00  0.000E+00  0.000E+00  0.000E+00  0.000E+00  0.000E+00
                0.000E+00  0.000E+00  0.000E+00  0.000E+00  0.000E+00  0.000E+00
                0.000E+00  0.000E+00  0.000E+00  0.000E+00  0.000E+00  0.000E+00
                0.000E+00  0.000E+00  0.000E+00  0.000E+00  0.000E+00  0.000E+00
                0.000E+00  0.000E+00  0.000E+00  0.000E+00  0.000E+00  0.000E+00
                0.000E+00  0.000E+00  0.000E+00  0.000E+00  0.000E+00  0.000E+00
                0.000E+00  0.000E+00  0.000E+00  0.000E+00  0.000E+00  0.000E+00
                0.000E+00  0.000E+00  0.000E+00  0.000E+00  0.000E+00  0.000E+00
                0.000E+00  0.000E+00  0.000E+00  0.000E+00  0.000E+00  0.000E+00
                0.000E+00  0.000E+00  0.000E+00  0.000E+00  0.000E+00  0.000E+00
                0.000E+00  0.000E+00  0.000E+00  0.000E+00  0.000E+00  0.000E+00
                0.000E+00  0.000E+00  0.000E+00  0.000E+00  0.000E+00  0.000E+00
                7.165E-06  0.000E+00  0.000E+00  0.000E+00  0.000E+00  0.000E+00
                0.000E+00  0.000E+00  0.000E+00  0.000E+00  0.000E+00  0.000E+00
                0.000E+00  0.000E+00  0.000E+00  0.000E+00  0.000E+00  0.000E+00
                0.000E+00  0.000E+00  0.000E+00  0.000E+00  0.000E+00  0.000E+00
                0.000E+00  0.000E+00  0.000E+00  0.000E+00  0.000E+00  0.000E+00
                0.000E+00  0.000E+00  0.000E+00  0.000E+00  0.000E+00  0.000E+00
                0.000E+00  0.000E+00  0.000E+00  0.000E+00  0.000E+00  0.000E+00
                0.000E+00  0.000E+00  0.000E+00  0.000E+00  0.000E+00  0.000E+00
                0.000E+00  0.000E+00  0.000E+00  0.000E+00  0.000E+00  0.000E+00
                0.000E+00  0.000E+00  0.000E+00  0.000E+00  0.000E+00  0.000E+00
                0.000E+00  0.000E+00  0.000E+00  0.000E+00  0.000E+00  0.000E+00
                0.000E+00  0.000E+00  0.000E+00  0.000E+00  0.000E+00  0.000E+00
                0.000E+00 -6.105E-06  0.000E+00  0.000E+00  0.000E+00  0.000E+00
                0.000E+00  0.000E+00  0.000E+00  0.000E+00  0.000E+00  0.000E+00
                0.000E+00  0.000E+00  0.000E+00  0.000E+00  0.000E+00  0.000E+00
                0.000E+00  0.000E+00  0.000E+00  0.000E+00  0.000E+00  0.000E+00
                0.000E+00  0.000E+00  0.000E+00  0.000E+00  0.000E+00  0.000E+00
                0.000E+00  0.000E+00  0.000E+00  0.000E+00  0.000E+00  0.000E+00
                0.000E+00  0.000E+00  0.000E+00  0.000E+00  0.000E+00  0.000E+00
                0.000E+00  0.000E+00  0.000E+00  0.000E+00  0.000E+00  0.000E+00
                0.000E+00  0.000E+00  0.000E+00  0.000E+00  0.000E+00  0.000E+00
                0.000E+00  0.000E+00  0.000E+00  0.000E+00  0.000E+00  0.000E+00
                0.000E+00  0.000E+00  0.000E+00  0.000E+00  0.000E+00  0.000E+00
                0.000E+00  0.000E+00  0.000E+00  0.000E+00  0.000E+00  0.000E+00
                0.000E+00  0.000E+00  0.000E+00  0.000E+00  0.000E+00  0.000E+00
                0.000E+00  0.000E+00  0.000E+00  0.000E+00  0.000E+00  0.000E+00
                0.000E+00  0.000E+00  0.000E+00  0.000E+00  0.000E+00  0.000E+00
                0.000E+00  0.000E+00  0.000E+00  0.000E+00  0.000E+00  0.000E+00
                0.000E+00  0.000E+00  0.000E+00  0.000E+00  0.000E+00  0.000E+00
                0.000E+00  0.000E+00  0.000E+00  0.000E+00  0.000E+00  0.000E+00
                0.000E+00  0.000E+00  0.000E+00  0.000E+00  0.000E+00  0.000E+00
                0.000E+00  0.000E+00  0.000E+00  0.000E+00  0.000E+00  0.000E+00
                0.000E+00  0.000E+00  0.000E+00  0.000E+00  0.000E+00  0.000E+00
                0.000E+00  0.000E+00  0.000E+00  0.000E+00  0.000E+00  0.000E+00
                0.000E+00  0.000E+00  0.000E+00  0.000E+00  0.000E+00  0.000E+00
                0.000E+00  0.000E+00  0.000E+00  0.000E+00  0.000E+00  0.000E+00
                0.000E+00  0.000E+00  0.000E+00  0.000E+00  0.000E+00  0.000E+00
                1.000E-30  0.000E+00  0.000E+00  0.000E+00  0.000E+00  0.000E+00
                0.000E+00  0.000E+00  0.000E+00  0.000E+00  0.000E+00  0.000E+00
                0.000E+00  0.000E+00  0.000E+00  0.000E+00  0.000E+00  0.000E+00
                0.000E+00  0.000E+00  0.000E+00  0.000E+00  0.000E+00  0.000E+00
                0.000E+00  0.000E+00  0.000E+00  0.000E+00  0.000E+00  0.000E+00
                0.000E+00  0.000E+00  0.000E+00  0.000E+00  0.000E+00  0.000E+00
                0.000E+00  0.000E+00  0.000E+00  0.000E+00  0.000E+00  0.000E+00
                0.000E+00  0.000E+00  0.000E+00  0.000E+00  0.000E+00  0.000E+00
                0.000E+00  0.000E+00  0.000E+00  0.000E+00  0.000E+00  0.000E+00
                0.000E+00  0.000E+00  0.000E+00  0.000E+00  0.000E+00  0.000E+00
                0.000E+00  0.000E+00  0.000E+00  0.000E+00  0.000E+00  0.000E+00
                0.000E+00  0.000E+00  0.000E+00  0.000E+00  0.000E+00  0.000E+00
                0.000E+00  0.000E+00  0.000E+00  0.000E+00  0.000E+00  0.000E+00
                0.000E+00  0.000E+00  0.000E+00  0.000E+00  0.000E+00  0.000E+00
                0.000E+00  0.000E+00  0.000E+00  0.000E+00  0.000E+00  0.000E+00
                0.000E+00  0.000E+00  0.000E+00  0.000E+00  0.000E+00  0.000E+00
                0.000E+00  0.000E+00  0.000E+00  0.000E+00  0.000E+00  0.000E+00
                0.000E+00  0.000E+00  0.000E+00  0.000E+00  0.000E+00  0.000E+00
                0.000E+00  0.000E+00  0.000E+00  0.000E+00  0.000E+00  0.000E+00
                0.000E+00  0.000E+00  0.000E+00  0.000E+00  0.000E+00  0.000E+00
                0.000E+00  0.000E+00  0.000E+00  0.000E+00  0.000E+00  0.000E+00
                0.000E+00  0.000E+00  0.000E+00  0.000E+00  0.000E+00  0.000E+00
                0.000E+00  0.000E+00  0.000E+00  0.000E+00  0.000E+00  0.000E+00
                0.000E+00  0.000E+00  0.000E+00  0.000E+00  0.000E+00  0.000E+00
                0.000E+00  0.000E+00  0.000E+00  0.000E+00  0.000E+00  0.000E+00
                0.000E+00  0.000E+00  0.000E+00  0.000E+00  0.000E+00  0.000E+00
                0.000E+00  0.000E+00  0.000E+00  0.000E+00  0.000E+00  0.000E+00
                0.000E+00  0.000E+00  0.000E+00  0.000E+00  0.000E+00  0.000E+00
                0.000E+00  0.000E+00  0.000E+00  0.000E+00  0.000E+00  0.000E+00
                0.000E+00  0.000E+00  0.000E+00  0.000E+00  0.000E+00  0.000E+00
                0.000E+00  0.000E+00  0.000E+00  0.000E+00  0.000E+00  0.000E+00
                0.000E+00  0.000E+00  0.000E+00  0.000E+00  0.000E+00  0.000E+00
                0.000E+00  0.000E+00  0.000E+00  0.000E+00  0.000E+00  0.000E+00
                0.000E+00  0.000E+00  0.000E+00  0.000E+00  0.000E+00  0.000E+00
                0.000E+00  0.000E+00  0.000E+00  0.000E+00  0.000E+00  0.000E+00
                0.000E+00  0.000E+00  0.000E+00  0.000E+00  0.000E+00  0.000E+00
                0.000E+00  0.000E+00  0.000E+00  0.000E+00  0.000E+00  0.000E+00
                0.000E+00  0.000E+00  0.000E+00  0.000E+00  0.000E+00  0.000E+00
                0.000E+00  0.000E+00  0.000E+00  1.881E-13  0.000E+00  0.000E+00
                0.000E+00  0.000E+00  0.000E+00  0.000E+00  0.000E+00  0.000E+00
                0.000E+00  0.000E+00  0.000E+00  0.000E+00  0.000E+00  0.000E+00
                0.000E+00  0.000E+00  0.000E+00  0.000E+00  0.000E+00  0.000E+00
                0.000E+00  0.000E+00  0.000E+00  0.000E+00  0.000E+00  0.000E+00
                0.000E+00  0.000E+00  0.000E+00  0.000E+00  0.000E+00  0.000E+00
                0.000E+00  0.000E+00  0.000E+00  0.000E+00  0.000E+00  0.000E+00
                0.000E+00  0.000E+00  0.000E+00  0.000E+00  0.000E+00  0.000E+00
                0.000E+00  0.000E+00  0.000E+00  0.000E+00  0.000E+00  0.000E+00
                0.000E+00  0.000E+00  0.000E+00  0.000E+00  0.000E+00  0.000E+00
                0.000E+00  0.000E+00  0.000E+00  0.000E+00  0.000E+00  0.000E+00
                0.000E+00  0.000E+00  0.000E+00  0.000E+00  0.000E+00  0.000E+00
                0.000E+00  0.000E+00  0.000E+00  0.000E+00  0.000E+00  0.000E+00
                0.000E+00  0.000E+00  0.000E+00  0.000E+00  0.000E+00  0.000E+00
                0.000E+00  0.000E+00  0.000E+00  0.000E+00  0.000E+00  0.000E+00
                0.000E+00  0.000E+00  0.000E+00  0.000E+00  0.000E+00  0.000E+00
                0.000E+00  0.000E+00  0.000E+00  0.000E+00  0.000E+00  0.000E+00
                0.000E+00  0.000E+00  0.000E+00  0.000E+00  0.000E+00  0.000E+00
                0.000E+00  0.000E+00  0.000E+00  0.000E+00  0.000E+00  0.000E+00
                0.000E+00  0.000E+00  0.000E+00  0.000E+00  0.000E+00  0.000E+00
                0.000E+00  0.000E+00  0.000E+00  0.000E+00  0.000E+00  0.000E+00
                0.000E+00  0.000E+00  0.000E+00  0.000E+00  0.000E+00  0.000E+00
                0.000E+00  0.000E+00  0.000E+00  0.000E+00  0.000E+00  0.000E+00
                0.000E+00  0.000E+00  0.000E+00  0.000E+00  0.000E+00  0.000E+00
                0.000E+00  0.000E+00  0.000E+00  0.000E+00  0.000E+00  0.000E+00
                0.000E+00  0.000E+00  0.000E+00  0.000E+00  0.000E+00  0.000E+00
                0.000E+00  0.000E+00  0.000E+00  0.000E+00  0.000E+00  0.000E+00
                1.123E-06  0.000E+00  0.000E+00  0.000E+00  0.000E+00  0.000E+00
                0.000E+00  0.000E+00  0.000E+00  0.000E+00  0.000E+00  0.000E+00
                0.000E+00  0.000E+00  0.000E+00  0.000E+00  0.000E+00  0.000E+00
                0.000E+00  0.000E+00  0.000E+00  0.000E+00  0.000E+00  0.000E+00
                0.000E+00  0.000E+00  0.000E+00  0.000E+00  0.000E+00  0.000E+00
                0.000E+00  0.000E+00  0.000E+00  0.000E+00  0.000E+00  0.000E+00
                0.000E+00  0.000E+00  0.000E+00  0.000E+00  0.000E+00  0.000E+00
                0.000E+00  0.000E+00  0.000E+00  0.000E+00  0.000E+00  0.000E+00
                0.000E+00  0.000E+00  0.000E+00  0.000E+00  0.000E+00  0.000E+00
                0.000E+00  0.000E+00  0.000E+00  0.000E+00  0.000E+00  0.000E+00
                0.000E+00  0.000E+00  0.000E+00  0.000E+00  0.000E+00  0.000E+00
                0.000E+00  0.000E+00  0.000E+00  0.000E+00  0.000E+00  0.000E+00
                0.000E+00  0.000E+00  0.000E+00  0.000E+00  0.000E+00  0.000E+00
                0.000E+00  0.000E+00  0.000E+00  2.318E-07
