 S L P   CF   NI       ENERGY(RYD)
 1 0 0    1    1          0.000000       
 3 0 0    2    1         41.089627       
 3 1 1    3    1         41.647565       
 1 0 0    2    2         41.674808       
 1 1 1    3    2         42.044794       
 3 0 0    4    1         48.502129       
 3 1 1    5    1         48.653831       
 1 0 0    4    2         48.658694       
 3 2 0    6    1         48.731126       
 1 2 0    6    2         48.734804       
 1 1 1    5    2         48.764637       
 3 0 0    7    1         51.021357       
 3 1 1    8    1         51.082752       
 1 0 0    7    2         51.084460       
 3 2 0    9    1         51.114596       
 3 3 1   10    1         51.116348       
 1 3 1   10    2         51.116373       
 1 2 0    9    2         51.116669       
 1 1 1    8    2         51.129071       
 3 0 0   11    1         52.171848       
 3 1 1   12    1         52.202605       
 1 0 0   11    2         52.203613       
 3 2 0   13    1         52.218606       
 3 3 1   14    1         52.219598       
 1 3 1   14    2         52.219621       
 3 4 0   15    1         52.219678       
 1 4 0   15    2         52.219678       
 1 2 0   13    2         52.219808       
 1 1 1   12    2         52.226242       
 1 0 0   16    1         88.237876       
 3 1 1   18    1         88.431251       
 3 1 0   17    2         88.961294       
 1 2 0   17    1         89.231191       
 1 1 1   18    2         89.330470       
 1 0 0   17    3         90.139295       
 3 0 0   19    1         96.444823       
 3 1 1   20    1         96.630173       
 1 1 1   20    2         96.711954       
 1 0 0   19    2         96.712763       
 3 2 0   21    1         96.741563       
 1 2 0   21    2         96.963312       
 3 0 0   22    1         99.148243       
 3 1 1   23    1         99.208270       
 1 0 0   22    2         99.214442       
 1 1 1   23    2         99.231642       
 3 2 0   24    1         99.252397       
 3 3 1   25    1         99.309047       
 1 2 0   24    2         99.312215       
 1 3 1   25    2         99.322793       
 0 0 0    0    0       -118.231735
