           4           4
          12           1          66
           1           0          -3           1          -1           1           3           0           1           0           3           1          -3           1           1           2          -1           1           3           2           1           2           1           0
    0.000000E+00    2.053995E-01    4.671885E-01    5.032287E-01    5.305931E-01
    5.560784E-01    5.601690E-01    5.608103E-01    5.834886E-01    5.865800E-01
    6.555425E-01    8.060156E-01
1.00000000E+06  0.000E+00 -1.524E+02  0.000E+00  1.021E+00  0.000E+00  0.000E+00
                1.727E+00 -1.282E+01  0.000E+00  3.849E-02  1.209E-01  0.000E+00
               -7.874E+01  0.000E+00 -8.435E+02  6.749E+00  0.000E+00  0.000E+00
               -2.877E+02  0.000E+00  0.000E+00  0.000E+00 -4.171E+02  0.000E+00
                0.000E+00 -2.020E+02  4.889E+01  0.000E+00 -1.230E+03 -1.406E+02
                0.000E+00  0.000E+00 -4.644E+03  0.000E+00  0.000E+00  1.180E+02
                0.000E+00  0.000E+00  0.000E+00  0.000E+00  2.553E+01 -1.170E+03
                0.000E+00  1.401E+01  1.113E-01 -1.016E+00  0.000E+00  0.000E+00
                0.000E+00  0.000E+00  0.000E+00  0.000E+00  0.000E+00 -1.181E+04
                0.000E+00  0.000E+00 -2.402E+03  0.000E+00  8.946E+01  2.072E+00
                0.000E+00 -6.694E+02 -5.883E+01  0.000E+00  0.000E+00  3.783E+00
           4           4
          12           1         -66
           1           0          -3           1          -1           1           3           0           1           0           3           1          -3           1           1           2          -1           1           3           2           1           2           1           0
    0.000000E+00    2.053995E-01    4.671885E-01    5.032287E-01    5.305931E-01
    5.560784E-01    5.601690E-01    5.608103E-01    5.834886E-01    5.865800E-01
    6.555425E-01    8.060156E-01
1.00000000E+06  0.000E+00 -1.524E+02  0.000E+00  0.000E+00 -7.874E+01  0.000E+00
                1.021E+00  0.000E+00 -4.171E+02  0.000E+00  0.000E+00 -8.435E+02
                0.000E+00  0.000E+00  0.000E+00  0.000E+00  6.749E+00  0.000E+00
               -4.644E+03  0.000E+00 -1.016E+00  1.727E+00  0.000E+00 -2.020E+02
                0.000E+00  2.553E+01  0.000E+00  0.000E+00 -1.282E+01  0.000E+00
                4.889E+01  0.000E+00 -1.170E+03  0.000E+00  0.000E+00 -2.402E+03
                0.000E+00 -2.877E+02  0.000E+00  1.180E+02  0.000E+00  0.000E+00
               -1.181E+04  0.000E+00  0.000E+00  3.849E-02  0.000E+00 -1.230E+03
                0.000E+00  1.401E+01  0.000E+00  0.000E+00  8.946E+01 -6.694E+02
                0.000E+00  1.209E-01  0.000E+00 -1.406E+02  0.000E+00  1.113E-01
                0.000E+00  0.000E+00  2.072E+00 -5.883E+01  0.000E+00  3.783E+00
