           4           4
          20           1         190
   0           1   0          -1   0          -3   0          -5   0          -3   0           3   0           1   0           1   0           3   0           5   0          -1   0          -3   0          -5   0           5   0          -3   0           3   0           5   0           7   0           5   0           1
    0.000000E+00    2.053411E-01    2.053703E-01    2.054288E-01    4.671885E-01
    5.032287E-01    5.305931E-01    5.560209E-01    5.560497E-01    5.561070E-01
    5.601656E-01    5.601673E-01    5.601708E-01    5.608104E-01    5.834886E-01
    5.865791E-01    5.865797E-01    5.865806E-01    6.555425E-01    8.060156E-01
1.00000000E+06  0.000E+00 -2.073E-06  0.000E+00 -1.524E+02  0.000E+00  1.021E+00
                1.756E-07  0.000E+00  4.368E-05  0.000E+00 -2.683E-08  0.000E+00
                1.727E+00 -1.282E+01  0.000E+00  0.000E+00  0.000E+00  3.849E-02
                1.209E-01  0.000E+00  1.553E+00  0.000E+00 -8.743E+00  0.000E+00
                0.000E+00 -9.373E+01  0.000E+00  6.130E-01  0.000E+00  1.363E-01
                0.000E+00  0.000E+00 -3.195E+01  0.000E+00  1.344E-01  0.000E+00
                0.000E+00  3.495E+00  2.201E-07 -2.624E+01 -1.060E-05 -9.373E+01
               -7.029E+01 -1.172E+02  0.000E+00  1.942E+00  3.068E-01 -2.803E-03
                7.492E-08 -2.397E+01 -7.191E+01  2.689E-01 -3.519E-07 -8.197E-07
                8.708E-08 -4.375E+01  0.000E+00  0.000E+00 -1.172E+02 -3.515E+02
                1.365E-01  3.071E-01  3.307E+00 -8.703E-03  1.976E-09 -1.599E+00
               -2.398E+01 -1.343E+02 -3.876E-05  0.000E+00 -1.647E-05 -4.171E+02
               -7.592E-06 -1.319E-06 -3.670E-03  0.000E+00  1.722E-06  4.509E-07
               -2.019E+02  4.889E+01 -1.119E-05 -3.492E-05  1.101E-07 -1.230E+03
               -1.406E+02  0.000E+00  0.000E+00  0.000E+00  0.000E+00 -5.160E+02
               -1.548E+03 -2.580E+03  0.000E+00 -8.717E-05  2.359E+01  3.932E+01
                5.505E+01  0.000E+00  0.000E+00  3.524E-06  0.000E+00  5.621E-04
                0.000E+00 -1.048E-04  0.000E+00  2.553E+01 -1.170E+03  0.000E+00
                0.000E+00  0.000E+00  1.401E+01  1.113E-01  0.000E+00  1.597E+00
                0.000E+00 -1.130E-01  0.000E+00  2.676E-05 -1.308E-04  0.000E+00
                0.000E+00  0.000E+00  9.485E-07  1.000E-30  3.594E+00 -1.131E-01
               -8.474E-02 -1.409E-01  8.920E-05 -2.085E-07  0.000E+00  0.000E+00
                0.000E+00  4.002E-07  0.000E+00  0.000E+00 -1.412E-01 -4.228E-01
                4.955E-03 -5.519E-02  0.000E+00  0.000E+00  0.000E+00  2.004E-03
                5.489E-05  0.000E+00  2.276E+01  0.000E+00  0.000E+00 -1.313E+03
                0.000E+00  5.473E+00  0.000E+00  0.000E+00  5.121E+01 -2.684E-04
                8.706E-06 -9.845E+02 -2.953E+03  1.095E+01 -7.919E-05 -9.409E-07
               -6.300E-06  2.992E-06 -6.563E+01 -9.845E+02 -5.513E+03 -6.014E-10
                0.000E+00 -2.401E+03  0.000E+00  1.000E-30  0.000E+00  8.946E+01
                2.072E+00 -5.468E-05 -1.901E-04  6.274E-07 -6.694E+02 -5.883E+01
                2.517E+01  6.700E+00  0.000E+00  0.000E+00  3.231E+01  7.879E-08
                0.000E+00  0.000E+00  0.000E+00  3.783E+00
           4           4
          20           1        -190
   0           1   0          -1   0          -3   0          -5   0          -3   0           3   0           1   0           1   0           3   0           5   0          -1   0          -3   0          -5   0           5   0          -3   0           3   0           5   0           7   0           5   0           1
    0.000000E+00    2.053411E-01    2.053703E-01    2.054288E-01    4.671885E-01
    5.032287E-01    5.305931E-01    5.560209E-01    5.560497E-01    5.561070E-01
    5.601656E-01    5.601673E-01    5.601708E-01    5.608104E-01    5.834886E-01
    5.865791E-01    5.865797E-01    5.865806E-01    6.555425E-01    8.060156E-01
1.00000000E+06  0.000E+00 -2.073E-06  0.000E+00  0.000E+00  1.553E+00  3.495E+00
               -1.524E+02  0.000E+00  2.201E-07  8.708E-08  0.000E+00 -8.743E+00
               -2.624E+01 -4.375E+01 -1.647E-05  1.021E+00  0.000E+00 -1.060E-05
                0.000E+00 -4.171E+02  0.000E+00  1.756E-07  0.000E+00 -9.373E+01
                0.000E+00 -7.592E-06  0.000E+00  3.524E-06  0.000E+00 -9.373E+01
               -7.029E+01 -1.172E+02 -1.319E-06  0.000E+00  0.000E+00  0.000E+00
                4.368E-05  0.000E+00 -1.172E+02 -3.515E+02 -3.670E-03  0.000E+00
                5.621E-04  1.597E+00  3.594E+00  0.000E+00  6.130E-01  0.000E+00
                1.365E-01  0.000E+00 -5.160E+02  0.000E+00  0.000E+00 -1.131E-01
                0.000E+00 -2.683E-08  0.000E+00  1.942E+00  3.071E-01  1.722E-06
               -1.548E+03 -1.048E-04 -1.130E-01 -8.474E-02 -1.412E-01  0.000E+00
                0.000E+00  1.363E-01  3.068E-01  3.307E+00  4.509E-07 -2.580E+03
                0.000E+00  0.000E+00 -1.409E-01 -4.228E-01  2.276E+01  5.121E+01
                1.727E+00  0.000E+00 -2.803E-03 -8.703E-03 -2.019E+02  0.000E+00
                2.553E+01  2.676E-05  8.920E-05  4.955E-03  0.000E+00 -2.684E-04
               -6.300E-06 -1.282E+01  0.000E+00  7.492E-08  1.976E-09  4.889E+01
               -8.717E-05 -1.170E+03 -1.308E-04 -2.085E-07 -5.519E-02  0.000E+00
                8.706E-06  2.992E-06 -2.401E+03  0.000E+00 -3.195E+01 -2.397E+01
               -1.599E+00 -1.119E-05  2.359E+01  0.000E+00  0.000E+00  0.000E+00
                0.000E+00 -1.313E+03 -9.845E+02 -6.563E+01  0.000E+00 -5.468E-05
                0.000E+00  0.000E+00 -7.191E+01 -2.398E+01 -3.492E-05  3.932E+01
                0.000E+00  0.000E+00  0.000E+00  0.000E+00  0.000E+00 -2.953E+03
               -9.845E+02  1.000E-30 -1.901E-04  2.517E+01  0.000E+00  1.344E-01
                2.689E-01 -1.343E+02  1.101E-07  5.505E+01  0.000E+00  0.000E+00
                0.000E+00  0.000E+00  5.473E+00  1.095E+01 -5.513E+03  0.000E+00
                6.274E-07  6.700E+00  3.231E+01  3.849E-02  0.000E+00 -3.519E-07
               -3.876E-05 -1.230E+03  0.000E+00  1.401E+01  9.485E-07  4.002E-07
                2.004E-03  0.000E+00 -7.919E-05 -6.014E-10  8.946E+01 -6.694E+02
                0.000E+00  7.879E-08  0.000E+00  1.209E-01  0.000E+00 -8.197E-07
                0.000E+00 -1.406E+02  0.000E+00  1.113E-01  1.000E-30  0.000E+00
                5.489E-05  0.000E+00 -9.409E-07  0.000E+00  2.072E+00 -5.883E+01
                0.000E+00  0.000E+00  0.000E+00  3.783E+00
