Iteration	Y	var_1	var_2
1.0	16.660745822151785	0.06524879055820032	0.5157689104312528
2.0	0.9310445759200374	0.01830371802383851	0.5351398509607712
3.0	2.000633126535182	0.043201893937746795	0.7293777519807388
4.0	2.048798358310929	0.050822659209716375	0.6367613819816003
5.0	2.924875559870514	0.036748538443090506	0.5715472689783536
6.0	2.6650244759826047	0.035246935848215574	0.7331122444103085
7.0	2.5742902140268464	0.06122760389857417	0.6503583667606353
8.0	3.048274245237556	0.0329572575459591	0.7496507821766761
9.0	6.541125460115979	0.06168384395880508	0.5905240073639858
10.0	1.0823137707007664	0.05061433626269001	0.6730566946460984
11.0	1.6982232454357655	0.04444654865153303	0.6255547510192578
12.0	3.0395448687865008	0.03112386561956179	0.7386993379111528
13.0	3.0523339690106264	0.03536277569285135	0.5624820040113524
14.0	1.1308063219364861	0.0678432782350082	0.7571280516702915
15.0	1.4724154580544693	0.03530327166289873	0.6733932846490178
16.0	1.3059214958287102	0.04741837599805233	0.7115548695367961
17.0	0.8822073352033865	0.015143757321277476	0.5156796701173498
18.0	2.068996592210794	0.026871016881914393	0.6600994964633051
19.0	16.472437853556418	0.06590659162830804	0.5189696869244254
20.0	0.8872845043790355	0.021967356028355672	0.564542317474121
21.0	4.468232175115569	0.010522710638264484	0.7433926535409424
22.0	2.1544923844466766	0.05297815152872786	0.7721123573915123
23.0	4.194764341376774	0.06607097979380985	0.6309739034864675
24.0	0.9952545636516456	0.0224820072116986	0.5798707730190992
25.0	1.07664152423103	0.062306131194573	0.7369616664824831
26.0	1.1564358254105955	0.026184243517840995	0.5744277816313424
27.0	3.579611855691031	0.033438532033122664	0.797773595978486
28.0	1.1709691118580785	0.06827339471594346	0.7612137426207464
29.0	1.6930599964728812	0.0680583717170867	0.7908504041722583
30.0	4.486320154899295	0.01113122783396976	0.7472829622446107
31.0	1.766727953497148	0.03118557059446945	0.6674982042997739
32.0	1.8485893295784974	0.04726209372747824	0.7363061169884216
33.0	2.690519006735262	0.04259247348990686	0.7690160884685519
34.0	6.636814913594836	0.03514797793874389	0.5150252217837525
35.0	0.8961733539624823	0.04139095371886377	0.6556154625940228
36.0	1.2458114114880623	0.03537754155797812	0.6641392715835586
37.0	3.393110286153046	0.04138145624423342	0.5770488484660123
38.0	2.9005793831264906	0.014554769817243702	0.6191770340002758
39.0	1.670516509156018	0.06328995315493942	0.6801072109060922
40.0	1.2361568981206736	0.06999907748442527	0.7147301758762317
41.0	0.954106594769323	0.06927954753176353	0.7433919111254275
42.0	4.511041760747473	0.014368110798951419	0.7942257324097706
43.0	1.1185965278534067	0.011107656572005416	0.5005443094285907
44.0	1.004530428858368	0.03215214923948375	0.6324680164687536
45.0	3.7099265592468895	0.014783406542277269	0.6820248601645512
46.0	6.266854849385824	0.06739773722862287	0.6046409166324184
47.0	1.1949702815474645	0.04227195495007523	0.6882539911546097
48.0	2.004131634863045	0.013466371758763479	0.5553527308281503
49.0	1.0436648745057782	0.04558017222209636	0.6884390507700153
50.0	5.287678114997194	0.05995688853401773	0.6021267470797984
51.0	1.708218062939678	0.016523817692396678	0.5
52.0	1.0426355207279987	0.013425139233884864	0.5157956421896812
53.0	1.430653627719286	0.018673506779144335	0.5234229787237857
54.0	0.8777710002950163	0.013151956011098077	0.5
55.0	0.8897230728169059	0.018727350455881142	0.5531612359878505
56.0	3.675436385479455	0.01	0.6185975855234872
57.0	12.383700650098683	0.04581854908805716	0.5
58.0	0.9046231755769982	0.05712686793918357	0.7081093641160439
59.0	2.808162834939161	0.048770167652480795	0.8
60.0	2.2150928941442185	0.060868353681496616	0.8
61.0	0.883338189817653	0.017426335031187845	0.5378785489691105
62.0	4.731902634370649	0.01	0.8
63.0	0.8830021029296925	0.01980381809846975	0.5539458951388558
64.0	2.689259459345323	0.01343175678349096	0.5867081951303812
65.0	3.9999522540476504	0.01	0.653421083111532
66.0	0.8938984387808339	0.037363478889029945	0.641433543959585
67.0	2.554731755875145	0.07	0.6713640883410003
68.0	0.9290564357981231	0.06364109667469223	0.7162297934550844
69.0	1.7698858707784246	0.07	0.8
70.0	3.3330846003792587	0.02223454395636787	0.7068874685717416
71.0	1.1524251060413433	0.03519011174726664	0.6152492702072193
72.0	0.8839452421544625	0.020665433942260523	0.5652141959024096
73.0	0.8978493815576584	0.04444586962081576	0.6684814940063821
74.0	0.8934050971339256	0.013672620699728825	0.5061824810751369
75.0	1.5828056819087828	0.024367447076249656	0.6219896902555365
76.0	0.9198937997408376	0.056176500297067514	0.6957120719536936
77.0	0.9095436756605052	0.06673154757761368	0.7300054016064443
78.0	3.8356008177461502	0.02452556292154293	0.7787139139697322
79.0	0.92078797895346	0.07	0.732370965551457
80.0	0.8800563857280961	0.01605535252285443	0.524624127979026
81.0	0.8994840356397259	0.03640945621258065	0.6316007900268126
82.0	0.9153102029958535	0.05918593229694257	0.7050076771180749
83.0	4.331548897699219	0.01	0.7006246496359074
84.0	0.9038928941176159	0.041604102722240854	0.6631453172971528
85.0	4.041997617652953	0.02416592837912228	0.8
86.0	0.9036448772752458	0.054002689822318956	0.7000146546114199
87.0	1.6900446763774968	0.06140541483099889	0.7718352792200058
88.0	0.8844104761609276	0.02158630661408228	0.5666375669711322
89.0	0.9075781596988546	0.06299902020632098	0.7229468664963661
90.0	3.8776659920826018	0.018779103932347118	0.7378794551606561
91.0	1.6693721103181407	0.03916613192370504	0.6095146098979576
92.0	0.8970786883728825	0.03531850299458446	0.6359859760572201
93.0	0.8794341040220026	0.015237212610612628	0.518565113783748
94.0	3.2032650754051457	0.04125765867977174	0.8
95.0	6.647144064535084	0.05238553678208004	0.5658259471571285
96.0	0.9015688597313105	0.05105233493636407	0.6880184491367748
97.0	0.8794977481797019	0.01541084874802965	0.5196592374536917
98.0	0.9052252911291683	0.020489844657409897	0.5607808470179031
99.0	1.700338000304115	0.027045599231073605	0.5592821092193739
100.0	0.8878361102029425	0.02722236259660103	0.5970770414871941
101.0	1.126373068264041	0.028870652376596976	0.5897210347284091
102.0	3.951706936615076	0.0241685946127956	0.5
103.0	2.0667285758063008	0.06399534348986295	0.8
104.0	3.4007107305620563	0.03716709099288631	0.8
105.0	3.844766363560625	0.0282237434097347	0.8
106.0	16.607208366599494	0.057029899707859974	0.5
107.0	3.385750449763502	0.030474170994752397	0.5360100589939363
108.0	2.41282204976243	0.05708297237934827	0.8
109.0	1.086886036247283	0.023288844388909435	0.5928186833521457
110.0	3.077863577577593	0.01	0.5737930119611726
