           8           2
          29           1          28
           1           0           3           0          -3           1           1           0          -1           1           3           0          -3           1           1           0           3           2           1           2          -1           1           3           0          -3           1           1           0           3           2          -3           3          -1           3           1           2          -1           1           3           0          -3           1           1           0           3           2          -3           3          -1           3           3           4           1           4           1           2          -1           1
    0.000000E+00    1.145863E+00    1.161495E+00    1.163077E+00    1.173514E+00
    1.352482E+00    1.356685E+00    1.356944E+00    1.358991E+00    1.359134E+00
    1.359969E+00    1.422560E+00    1.424270E+00    1.424358E+00    1.425208E+00
    1.425266E+00    1.425267E+00    1.425285E+00    1.425619E+00    1.454535E+00
    1.455392E+00    1.455438E+00    1.455860E+00    1.455892E+00    1.455893E+00
    1.455895E+00    1.455895E+00    1.455903E+00    1.456077E+00
1.00000000E+06  0.000E+00  0.000E+00  1.435E-02 -1.183E+00  0.000E+00  0.000E+00
                3.128E-03  0.000E+00  1.770E-03 -2.229E-01  0.000E+00  0.000E+00
                1.224E-03  0.000E+00  0.000E+00  1.104E-05  8.629E-04 -8.301E-02
                0.000E+00  0.000E+00  6.305E-04  0.000E+00  0.000E+00  8.564E-06
                0.000E+00  5.412E-08  4.624E-04 -4.175E-02
           8           2
          29           1        -379
           1           0           3           0          -3           1           1           0          -1           1           3           0          -3           1           1           0           3           2           1           2          -1           1           3           0          -3           1           1           0           3           2          -3           3          -1           3           1           2          -1           1           3           0          -3           1           1           0           3           2          -3           3          -1           3           3           4           1           4           1           2          -1           1
    0.000000E+00    1.145863E+00    1.161495E+00    1.163077E+00    1.173514E+00
    1.352482E+00    1.356685E+00    1.356944E+00    1.358991E+00    1.359134E+00
    1.359969E+00    1.422560E+00    1.424270E+00    1.424358E+00    1.425208E+00
    1.425266E+00    1.425267E+00    1.425285E+00    1.425619E+00    1.454535E+00
    1.455392E+00    1.455438E+00    1.455860E+00    1.455892E+00    1.455893E+00
    1.455895E+00    1.455895E+00    1.455903E+00    1.456077E+00
1.00000000E+06  0.000E+00  0.000E+00  0.000E+00  1.435E-02  0.000E+00  0.000E+00
               -1.183E+00  0.000E+00  0.000E+00  0.000E+00  0.000E+00  0.000E+00
                0.000E+00  0.000E+00  0.000E+00  0.000E+00  0.000E+00  0.000E+00
                0.000E+00  0.000E+00  0.000E+00  3.128E-03  0.000E+00  0.000E+00
                0.000E+00  0.000E+00  0.000E+00  0.000E+00  0.000E+00  0.000E+00
                0.000E+00  0.000E+00  0.000E+00  0.000E+00  0.000E+00  0.000E+00
                1.770E-03  0.000E+00  0.000E+00  0.000E+00  0.000E+00  0.000E+00
                0.000E+00  0.000E+00  0.000E+00 -2.229E-01  0.000E+00  0.000E+00
                0.000E+00  0.000E+00  0.000E+00  0.000E+00  0.000E+00  0.000E+00
                0.000E+00  0.000E+00  0.000E+00  0.000E+00  0.000E+00  0.000E+00
                0.000E+00  0.000E+00  0.000E+00  0.000E+00  0.000E+00  0.000E+00
                0.000E+00  0.000E+00  0.000E+00  0.000E+00  0.000E+00  0.000E+00
                0.000E+00  0.000E+00  0.000E+00  0.000E+00  0.000E+00  0.000E+00
                1.224E-03  0.000E+00  0.000E+00  0.000E+00  0.000E+00  0.000E+00
                0.000E+00  0.000E+00  0.000E+00  0.000E+00  0.000E+00  0.000E+00
                0.000E+00  0.000E+00  0.000E+00  0.000E+00  0.000E+00  0.000E+00
                0.000E+00  0.000E+00  0.000E+00  0.000E+00  0.000E+00  0.000E+00
                0.000E+00  0.000E+00  0.000E+00  0.000E+00  0.000E+00  0.000E+00
                0.000E+00  0.000E+00  0.000E+00  0.000E+00  0.000E+00  0.000E+00
                0.000E+00  0.000E+00  0.000E+00  0.000E+00  0.000E+00  0.000E+00
                1.104E-05  0.000E+00  0.000E+00  0.000E+00  0.000E+00  0.000E+00
                0.000E+00  0.000E+00  0.000E+00  0.000E+00  0.000E+00  0.000E+00
                0.000E+00  0.000E+00  0.000E+00  0.000E+00  8.629E-04  0.000E+00
                0.000E+00  0.000E+00  0.000E+00  0.000E+00  0.000E+00  0.000E+00
                0.000E+00  0.000E+00  0.000E+00  0.000E+00  0.000E+00  0.000E+00
                0.000E+00  0.000E+00  0.000E+00 -8.301E-02  0.000E+00  0.000E+00
                0.000E+00  0.000E+00  0.000E+00  0.000E+00  0.000E+00  0.000E+00
                0.000E+00  0.000E+00  0.000E+00  0.000E+00  0.000E+00  0.000E+00
                0.000E+00  0.000E+00  0.000E+00  0.000E+00  0.000E+00  0.000E+00
                0.000E+00  0.000E+00  0.000E+00  0.000E+00  0.000E+00  0.000E+00
                0.000E+00  0.000E+00  0.000E+00  0.000E+00  0.000E+00  0.000E+00
                0.000E+00  0.000E+00  0.000E+00  0.000E+00  0.000E+00  0.000E+00
                0.000E+00  0.000E+00  0.000E+00  0.000E+00  0.000E+00  0.000E+00
                0.000E+00  0.000E+00  0.000E+00  0.000E+00  0.000E+00  0.000E+00
                0.000E+00  0.000E+00  0.000E+00  0.000E+00  0.000E+00  0.000E+00
                6.305E-04  0.000E+00  0.000E+00  0.000E+00  0.000E+00  0.000E+00
                0.000E+00  0.000E+00  0.000E+00  0.000E+00  0.000E+00  0.000E+00
                0.000E+00  0.000E+00  0.000E+00  0.000E+00  0.000E+00  0.000E+00
                0.000E+00  0.000E+00  0.000E+00  0.000E+00  0.000E+00  0.000E+00
                0.000E+00  0.000E+00  0.000E+00  0.000E+00  0.000E+00  0.000E+00
                0.000E+00  0.000E+00  0.000E+00  0.000E+00  0.000E+00  0.000E+00
                0.000E+00  0.000E+00  0.000E+00  0.000E+00  0.000E+00  0.000E+00
                0.000E+00  0.000E+00  0.000E+00  0.000E+00  0.000E+00  0.000E+00
                0.000E+00  0.000E+00  0.000E+00  0.000E+00  0.000E+00  0.000E+00
                0.000E+00  0.000E+00  0.000E+00  0.000E+00  0.000E+00  0.000E+00
                0.000E+00  0.000E+00  0.000E+00  0.000E+00  0.000E+00  0.000E+00
                8.564E-06  0.000E+00  0.000E+00  0.000E+00  0.000E+00  0.000E+00
                0.000E+00  0.000E+00  0.000E+00  0.000E+00  0.000E+00  0.000E+00
                0.000E+00  0.000E+00  0.000E+00  0.000E+00  0.000E+00  0.000E+00
                0.000E+00  0.000E+00  0.000E+00  0.000E+00  0.000E+00  0.000E+00
                0.000E+00  0.000E+00  0.000E+00  0.000E+00  0.000E+00  0.000E+00
                0.000E+00  0.000E+00  0.000E+00  0.000E+00  0.000E+00  0.000E+00
                0.000E+00  0.000E+00  0.000E+00  0.000E+00  0.000E+00  0.000E+00
                0.000E+00  0.000E+00  0.000E+00  0.000E+00  0.000E+00  0.000E+00
                0.000E+00  5.412E-08  0.000E+00  0.000E+00  0.000E+00  0.000E+00
                0.000E+00  0.000E+00  0.000E+00  0.000E+00  0.000E+00  0.000E+00
                0.000E+00  0.000E+00  0.000E+00  0.000E+00  0.000E+00  0.000E+00
                0.000E+00  0.000E+00  0.000E+00  0.000E+00  0.000E+00  0.000E+00
                0.000E+00  0.000E+00  0.000E+00  4.624E-04  0.000E+00  0.000E+00
                0.000E+00  0.000E+00  0.000E+00  0.000E+00  0.000E+00  0.000E+00
                0.000E+00  0.000E+00  0.000E+00  0.000E+00  0.000E+00  0.000E+00
                0.000E+00  0.000E+00  0.000E+00  0.000E+00  0.000E+00  0.000E+00
                0.000E+00  0.000E+00  0.000E+00  0.000E+00  0.000E+00  0.000E+00
               -4.175E-02
