2J P   S L   CF   NI       ENERGY(RYD)
 0 0   1 0    1    1        0.00000000       
 0 1  -3 1    2    4        0.19967123       
 2 1  -3 1    2    2        0.19970124       
 4 1  -3 1    2    1        0.19976129       
 2 1  -1 1    2    3        0.46279122       
 2 0   3 0    4    1        0.50192445       
 0 0   1 0    4    2        0.52891904       
 0 0   3 1    3    4        0.54261876       
 2 0   3 1    3    3        0.54264830       
 4 0   3 1    3    2        0.54270726       
 4 0   1 2    6    3        0.55543386       
 0 1  -3 1    5    4        0.55791033       
 2 1  -3 1    5    2        0.55791211       
 4 1  -3 1    5    1        0.55791567       
 2 1  -1 1    5    3        0.58042509       
 2 0   3 2    6    4        0.58483173       
 4 0   3 2    6    2        0.58483232       
 6 0   3 2    6    1        0.58483321       
 4 0   1 2    3    1        0.64615743       
 0 0   1 0    3    5        0.79562349       
 0 0   0 0    0    0      -29.34659729
