           4           4
          20           1         190
   0           1   0          -1   0          -3   0          -5   0          -3   0           3   0           1   0           1   0           3   0           5   0           5   0          -1   0          -3   0          -5   0          -3   0           3   0           5   0           7   0           5   0           1
    0.000000E+00    1.966247E-01    1.966547E-01    1.967147E-01    4.624787E-01
    5.062349E-01    5.328640E-01    5.356763E-01    5.357058E-01    5.357647E-01
    5.550823E-01    5.616400E-01    5.616418E-01    5.616454E-01    5.835023E-01
    5.890301E-01    5.890307E-01    5.890316E-01    6.447603E-01    7.929982E-01
1.00000000E+06  0.000E+00 -1.952E-06  0.000E+00 -1.511E+02  0.000E+00  9.861E-01
                9.367E-06  0.000E+00  3.669E-06  1.725E+00  0.000E+00 -4.640E-08
                0.000E+00 -9.527E+00  0.000E+00  0.000E+00  0.000E+00  5.674E-02
                1.088E-01  0.000E+00  1.510E+00  0.000E+00 -7.731E+00  0.000E+00
                0.000E+00 -9.325E+01  0.000E+00  0.000E+00  6.022E-01  0.000E+00
                1.333E-01  0.000E+00 -3.028E+01  0.000E+00  1.268E-01  0.000E+00
                0.000E+00  3.398E+00  2.233E-07 -2.320E+01 -8.430E-04 -9.325E+01
               -6.994E+01 -1.166E+02 -1.984E-04  0.000E+00  1.907E+00  3.001E-01
                8.439E-08 -2.271E+01 -6.814E+01  2.537E-01 -5.416E-08 -6.930E-07
                8.755E-08 -3.869E+01  0.000E+00  0.000E+00 -1.166E+02 -3.497E+02
               -7.199E-04  1.335E-01  3.004E-01  3.248E+00  3.257E-09 -1.515E+00
               -2.272E+01 -1.273E+02 -2.801E-05  0.000E+00 -1.580E-05 -3.799E+02
               -2.977E-03 -1.379E-06 -1.563E-05 -7.577E+01  0.000E+00  1.661E-06
                4.281E-07  4.398E+01 -1.074E-05 -3.030E-05  1.052E-07 -1.250E+03
               -1.415E+02  0.000E+00  0.000E+00  0.000E+00  0.000E+00  0.000E+00
               -5.179E+02 -1.554E+03 -2.589E+03 -9.888E-05  2.361E+01  3.935E+01
                5.509E+01  0.000E+00  0.000E+00  3.961E-04  0.000E+00  1.840E-05
                2.100E+01  0.000E+00 -1.345E-04  0.000E+00 -1.209E+03  0.000E+00
                0.000E+00  0.000E+00  1.857E+01  1.821E-01  0.000E+00  1.550E+00
                1.635E-04  0.000E+00 -9.945E-02  0.000E+00 -1.093E-02  0.000E+00
                0.000E+00  0.000E+00  1.600E-04  1.526E-06  3.487E+00  7.220E-06
               -9.958E-02 -7.460E-02 -1.240E-01 -1.913E-07  0.000E+00  0.000E+00
                0.000E+00  2.838E-07  0.000E+00  2.446E-04  0.000E+00 -1.243E-01
               -3.721E-01 -3.157E-03  0.000E+00  0.000E+00  0.000E+00  1.406E-04
                6.077E-06  0.000E+00 -1.963E-04 -1.372E-07 -2.097E+03  0.000E+00
                1.000E-30  0.000E+00  1.010E+02  2.729E+00  0.000E+00  2.225E+01
                0.000E+00 -1.297E+03  0.000E+00  5.401E+00  0.000E+00  0.000E+00
                5.007E+01  9.581E-06 -9.729E+02 -2.919E+03  1.080E+01 -1.148E-04
               -1.301E-06  3.282E-06 -6.486E+01 -9.729E+02 -5.448E+03 -1.045E-08
                0.000E+00 -6.101E-05 -1.957E-04  6.967E-07 -1.026E+03 -6.194E+01
                2.504E+01  6.662E+00  0.000E+00  0.000E+00  3.213E+01  1.000E-30
                0.000E+00  0.000E+00  0.000E+00  2.960E+00
           4           4
          20           1        -190
   0           1   0          -1   0          -3   0          -5   0          -3   0           3   0           1   0           1   0           3   0           5   0           5   0          -1   0          -3   0          -5   0          -3   0           3   0           5   0           7   0           5   0           1
    0.000000E+00    1.966247E-01    1.966547E-01    1.967147E-01    4.624787E-01
    5.062349E-01    5.328640E-01    5.356763E-01    5.357058E-01    5.357647E-01
    5.550823E-01    5.616400E-01    5.616418E-01    5.616454E-01    5.835023E-01
    5.890301E-01    5.890307E-01    5.890316E-01    6.447603E-01    7.929982E-01
1.00000000E+06  0.000E+00 -1.952E-06  0.000E+00  0.000E+00  1.510E+00  3.398E+00
               -1.511E+02  0.000E+00  2.233E-07  8.755E-08  0.000E+00 -7.731E+00
               -2.320E+01 -3.869E+01 -1.580E-05  9.861E-01  0.000E+00 -8.430E-04
                0.000E+00 -3.799E+02  0.000E+00  9.367E-06  0.000E+00 -9.325E+01
                0.000E+00 -2.977E-03  0.000E+00  3.961E-04  0.000E+00 -9.325E+01
               -6.994E+01 -1.166E+02 -1.379E-06  0.000E+00  0.000E+00  0.000E+00
                3.669E-06  0.000E+00 -1.166E+02 -3.497E+02 -1.563E-05  0.000E+00
                1.840E-05  1.550E+00  3.487E+00  1.725E+00  0.000E+00 -1.984E-04
               -7.199E-04 -7.577E+01  0.000E+00  2.100E+01  1.635E-04  7.220E-06
                2.446E-04  0.000E+00  6.022E-01  0.000E+00  1.335E-01  0.000E+00
               -5.179E+02  0.000E+00  0.000E+00 -9.958E-02  0.000E+00  0.000E+00
               -4.640E-08  0.000E+00  1.907E+00  3.004E-01  1.661E-06 -1.554E+03
               -1.345E-04 -9.945E-02 -7.460E-02 -1.243E-01 -1.963E-04  0.000E+00
                0.000E+00  1.333E-01  3.001E-01  3.248E+00  4.281E-07 -2.589E+03
                0.000E+00  0.000E+00 -1.240E-01 -3.721E-01 -1.372E-07  2.225E+01
                5.007E+01 -9.527E+00  0.000E+00  8.439E-08  3.257E-09  4.398E+01
               -9.888E-05 -1.209E+03 -1.093E-02 -1.913E-07 -3.157E-03 -2.097E+03
                0.000E+00  9.581E-06  3.282E-06  0.000E+00 -3.028E+01 -2.271E+01
               -1.515E+00 -1.074E-05  2.361E+01  0.000E+00  0.000E+00  0.000E+00
                0.000E+00  0.000E+00 -1.297E+03 -9.729E+02 -6.486E+01 -6.101E-05
                0.000E+00  0.000E+00 -6.814E+01 -2.272E+01 -3.030E-05  3.935E+01
                0.000E+00  0.000E+00  0.000E+00  0.000E+00  1.000E-30  0.000E+00
               -2.919E+03 -9.729E+02 -1.957E-04  2.504E+01  0.000E+00  1.268E-01
                2.537E-01 -1.273E+02  1.052E-07  5.509E+01  0.000E+00  0.000E+00
                0.000E+00  0.000E+00  0.000E+00  5.401E+00  1.080E+01 -5.448E+03
                6.967E-07  6.662E+00  3.213E+01  5.674E-02  0.000E+00 -5.416E-08
               -2.801E-05 -1.250E+03  0.000E+00  1.857E+01  1.600E-04  2.838E-07
                1.406E-04  1.010E+02  0.000E+00 -1.148E-04 -1.045E-08 -1.026E+03
                0.000E+00  1.000E-30  0.000E+00  1.088E-01  0.000E+00 -6.930E-07
                0.000E+00 -1.415E+02  0.000E+00  1.821E-01  1.526E-06  0.000E+00
                6.077E-06  2.729E+00  0.000E+00 -1.301E-06  0.000E+00 -6.194E+01
                0.000E+00  0.000E+00  0.000E+00  2.960E+00
