           4           4
          12           1          66
           1           0          -3           1          -1           1           3           0           1           0           3           1           1           2          -3           1          -1           1           3           2           1           2           1           0
    0.000000E+00    1.966847E-01    4.624787E-01    5.062349E-01    5.328640E-01
    5.357353E-01    5.550823E-01    5.616436E-01    5.835023E-01    5.890310E-01
    6.447603E-01    7.929982E-01
1.00000000E+06  0.000E+00 -1.511E+02  0.000E+00  9.861E-01  0.000E+00  1.725E+00
                0.000E+00 -9.527E+00  0.000E+00  5.674E-02  1.088E-01  0.000E+00
               -6.963E+01  0.000E+00 -8.392E+02  0.000E+00  6.625E+00  0.000E+00
               -2.726E+02  0.000E+00  0.000E+00  0.000E+00 -3.799E+02  0.000E+00
               -7.577E+01  0.000E+00  4.398E+01  0.000E+00 -1.250E+03 -1.415E+02
                0.000E+00  0.000E+00  0.000E+00 -4.661E+03  0.000E+00  1.181E+02
                0.000E+00  0.000E+00  0.000E+00  2.100E+01  0.000E+00 -1.209E+03
                0.000E+00  1.857E+01  1.822E-01  0.000E+00 -8.942E-01  0.000E+00
                0.000E+00  0.000E+00  0.000E+00  0.000E+00 -2.097E+03  0.000E+00
                1.010E+02  2.729E+00  0.000E+00 -1.168E+04  0.000E+00  0.000E+00
                0.000E+00 -1.026E+03 -6.194E+01  0.000E+00  0.000E+00  2.960E+00
           4           4
          12           1         -66
           1           0          -3           1          -1           1           3           0           1           0           3           1           1           2          -3           1          -1           1           3           2           1           2           1           0
    0.000000E+00    1.966847E-01    4.624787E-01    5.062349E-01    5.328640E-01
    5.357353E-01    5.550823E-01    5.616436E-01    5.835023E-01    5.890310E-01
    6.447603E-01    7.929982E-01
1.00000000E+06  0.000E+00 -1.511E+02  0.000E+00  0.000E+00 -6.963E+01  0.000E+00
                9.861E-01  0.000E+00 -3.799E+02  0.000E+00  0.000E+00 -8.392E+02
                0.000E+00  0.000E+00  0.000E+00  1.725E+00  0.000E+00 -7.577E+01
                0.000E+00  2.100E+01  0.000E+00  0.000E+00  6.625E+00  0.000E+00
               -4.661E+03  0.000E+00 -8.942E-01  0.000E+00 -9.527E+00  0.000E+00
                4.398E+01  0.000E+00 -1.209E+03  0.000E+00 -2.097E+03  0.000E+00
                0.000E+00 -2.726E+02  0.000E+00  1.181E+02  0.000E+00  0.000E+00
                0.000E+00 -1.168E+04  0.000E+00  5.674E-02  0.000E+00 -1.250E+03
                0.000E+00  1.857E+01  0.000E+00  1.010E+02  0.000E+00 -1.026E+03
                0.000E+00  1.088E-01  0.000E+00 -1.415E+02  0.000E+00  1.822E-01
                0.000E+00  2.729E+00  0.000E+00 -6.194E+01  0.000E+00  2.960E+00
