Iteration	Y	var_1	var_2
1.0	4.312790207604237	0.014173575553474435	0.7521129555797621
2.0	0.9687697299655436	0.034507117243797354	0.6229720170150486
3.0	1.3701168489991398	0.032532884298145805	0.5984210975390034
4.0	3.676432822980039	0.006522435570535032	0.5699977141882939
5.0	7.056794378061535	0.027465687322170078	0.47903673234091926
6.0	2.991255658627957	0.024723819430845506	0.7009208003619891
7.0	1.3020274730028265	0.009042627792311334	0.4836672647632732
8.0	4.274083693701916	0.012371741613375863	0.7204929153906279
9.0	7.222625633964134	0.03494589056487306	0.5088288049932252
10.0	8.667819067967674	0.02567643325196923	0.4596041280023132
11.0	4.505432920662729	0.012106406477123507	0.7663838880824672
12.0	3.6812819008040325	0.018815644084312008	0.7162337734373132
13.0	3.426851066641732	0.0233339103254523	0.5024454313962571
14.0	5.1240962673138934	0.002011510159632834	0.7966009689971711
15.0	1.6097606409404883	0.02540975770479485	0.5519388091874733
16.0	4.3246181362055385	0.0045296482779292845	0.5975958235836907
17.0	1.3472051363195312	0.017080945254539074	0.511863719218962
18.0	0.8915103695233175	0.033033215621941635	0.623925976528757
19.0	2.0797054633959364	0.0064791531837982575	0.37438211067662397
20.0	4.8334129180809695	0.006775091125021834	0.7775145135010254
21.0	1.235558873549783	0.017137256443372512	0.5159717683610621
22.0	24.247727867859616	0.024484462913327613	0.368799533126424
23.0	1.253492119699079	0.012184943820003662	0.4734948047776967
24.0	5.224227103276687	0.00024927976657624517	0.5223384510221806
25.0	3.6000845340728627	0.026432109339604177	0.7586608616311112
26.0	4.05372462896743	0.019772805234715942	0.7703494190245812
27.0	16.713782957557548	0.013150823645546829	0.3370837267991655
28.0	3.5104433046227133	0.03406733401677723	0.7956698467188754
29.0	7.326619161460645	0.007738365494328239	0.3440273345315147
30.0	3.8558902819447916	0.027170365482114933	0.7952072485871001
31.0	4.485505477062131	0.012664126444095722	0.7753225481351987
32.0	4.493053250129473	0.024446634147045832	0.49307733890074257
33.0	3.997206074232807	0.01746074281937949	0.734607302194491
34.0	0.9417798198667944	0.013401594792034663	0.49436933324382715
35.0	4.780831727338031	0.005138138219423568	0.7023045662042652
36.0	2.7927888161041627	0.021143831586266402	0.5023531218804128
37.0	3.604095990947195	0.031416790490108995	0.536904539027861
38.0	4.948630203835925	0.02242741399864867	0.4772215070866022
39.0	6.30348368132189	0.02799459512309068	0.49141774007257977
40.0	4.5593014499769655	0.004415680241326741	0.6086594636185145
41.0	10.109739514013562	0.020314526181917477	0.4190636485492489
42.0	3.1304275942725517	0.030559833736106705	0.745769721551802
43.0	17.030613865965947	0.029483389533494195	0.41944249962772995
44.0	4.702848088483843	0.0048607439536953595	0.6774353622742335
45.0	4.943458227606242	0.0023136987311356393	0.6331621167464377
46.0	2.7297704409318175	0.00374455532045181	0.4420754946852816
47.0	8.663485061783586	0.03387614972138192	0.4920370799732322
48.0	1.5317194086077857	0.02333630731820447	0.613561085282426
49.0	4.967020731707592	0.0037639178924675698	0.7542198876626218
50.0	42.74877059817085	0.02784525155095103	0.3355196687625979
51.0	5.224227103276687	0.000178	0.27015
52.0	5.224227103276687	0.000178	0.3827190101056607
53.0	1.8061800624143447	0.008455686946963492	0.4101907704117528
54.0	2.309543164218198	0.023368080771202605	0.6476138950587981
55.0	1.7339568326225452	0.035422	0.6836043729904924
56.0	1.2584367417979885	0.011548352767593017	0.5180085989249023
57.0	2.034343763780217	0.015599824304174434	0.5841077106622947
58.0	4.884133384110486	0.010336046011095671	0.38887370604886506
59.0	2.6681193828948326	0.035422	0.5695550679031726
60.0	0.9316851050986411	0.005131356757477118	0.39915518696341995
61.0	33.36332749187389	0.010889681642382836	0.27015
62.0	1.0167023691617634	0.020275146786628083	0.569162233274078
63.0	1.1293866434076334	0.034403652278961694	0.651165241382219
64.0	5.224227103276687	0.000178	0.32250620999685514
65.0	0.8823246853056603	0.018671010536069555	0.5484566173249561
66.0	2.9300486658537763	0.035422	0.7511271256191646
67.0	5.224227103276687	0.000178	0.6971144186456473
68.0	4.339471084907136	0.01912830215974415	0.81045
69.0	0.8791689889136765	0.006574743738009718	0.42647050629990946
70.0	3.2846207122413267	0.015150182060691022	0.644655430946717
71.0	1.0396111232287775	0.02867685566800987	0.6214479011751873
72.0	0.9882920616580717	0.015071253497465105	0.5295811942755948
73.0	0.8777710002950163	0.012532660710165282	0.5004317423986341
74.0	5.224227103276687	0.000178	0.5648000196040196
75.0	0.8718834095860202	0.005912983541957361	0.41444312417392415
76.0	120.46948814021981	0.035422	0.27015
77.0	3.5934187166875042	0.035422	0.81045
78.0	2.101718096842815	0.028251879680596288	0.6669195941580396
79.0	65.57198674432856	0.02002484986065173	0.27015
80.0	0.9064780116897997	0.027988112419020002	0.6056729660215637
81.0	4.8984347104767165	0.006615965201269684	0.81045
82.0	3.6386779007983194	0.01518081786814322	0.6751446110477783
83.0	0.9000385081072564	0.019490765012839792	0.5437360870725076
84.0	5.224227103276687	0.000178	0.29178936149523177
85.0	2.380161743834438	0.035422	0.7162671485579234
86.0	0.8770154438467692	0.011869119896135318	0.4907946788024646
87.0	0.9185787773212627	0.035422	0.6376759669718476
88.0	0.9035606201618552	0.0038183291466462044	0.3744217618133623
89.0	0.9362242662847251	0.006292565662655086	0.41874228532164454
90.0	5.224227103276687	0.000178	0.35033541976948523
91.0	0.8999612873241128	0.00826904532285152	0.4485376873530418
92.0	33.479957038129164	0.035422	0.3800463636845829
93.0	15.001213339850267	0.035422	0.4512786301532837
94.0	8.706448267131108	0.0037002062880829526	0.27015
95.0	4.106438217675296	0.02393865600030317	0.81045
96.0	4.24113187295982	0.009004971159339658	0.6695959472069668
97.0	2.9906193208560903	0.005400850364484673	0.48126422306999445
98.0	1.1424240950472866	0.0034675939846734597	0.3281566386083105
99.0	3.3147594419549407	0.011124988672542569	0.6032949942162971
100.0	1.102884131082337	0.02607664958105744	0.6109297862473917
101.0	3.7800407414882637	0.03081910658854181	0.81045
102.0	8.179870402491508	0.005603769633375467	0.3099729043829095
103.0	1.8350224963977706	0.031153686671372128	0.6700051209716202
104.0	5.224227103276687	0.000178	0.81045
105.0	1.2082874350891442	0.005576066196458405	0.4341487891643326
106.0	5.224227103276687	0.000178	0.4158537899715754
107.0	5.224227103276687	0.000178	0.7278065141478384
108.0	1.1090669973446736	0.02723565197763873	0.5812939109323156
109.0	1.6243140964446603	0.010020245843272723	0.44025129554679227
110.0	5.224227103276687	0.000178	0.6584229534580801
111.0	3.222005600817254	0.035422	0.7737818028087845
112.0	1.0357188183082742	0.02341804709799542	0.5888779792570539
113.0	0.9832961388640435	0.00743401240143401	0.4385108384612619
114.0	4.219225091502748	0.0018649494250511287	0.4672209296675254
115.0	5.224227103276687	0.000178	0.5428250160170119
116.0	1.0867710000123725	0.00790721671458602	0.4610082687589584
117.0	2.0503665702759637	0.0018840282722815372	0.27015
118.0	4.479277674131674	0.016150075662635866	0.81045
119.0	4.805284456455186	0.009407364182192754	0.81045
120.0	4.199650667392453	0.021803734469606217	0.81045
