2J P   S L   CF   NI       ENERGY(RYD)
 0 0   1 0    1    1        0.00000000       
 0 1  -3 1    2    4        0.20064894       
 2 1  -3 1    2    2        0.20067852       
 4 1  -3 1    2    1        0.20073770       
 2 1  -1 1    2    3        0.46301852       
 2 0   3 0    4    1        0.50096251       
 0 0   1 0    4    2        0.52806067       
 0 0   3 1    3    4        0.54498558       
 2 0   3 1    3    3        0.54501468       
 4 0   3 1    3    2        0.54507278       
 4 0   1 2    6    3        0.55550347       
 0 1  -3 1    5    4        0.55716986       
 2 1  -3 1    5    2        0.55717161       
 4 1  -3 1    5    1        0.55717512       
 2 1  -1 1    5    3        0.57996936       
 2 0   3 2    6    4        0.58383842       
 4 0   3 2    6    2        0.58383902       
 6 0   3 2    6    1        0.58383990       
 4 0   1 2    3    1        0.64720952       
 0 0   1 0    3    5        0.79676398       
 0 0   0 0    0    0      -29.36055155
