  NV=    3  LV=   -1       K    1    2    3    4    5    6    7    8    9   10   11   12   13   14   15   16   17   18   19   20
  6CFIC  G   Z= 4    N= 4  NL  1 0  2 0  2 1  3 0  3 1  3 2
    1    1    0 0  21522
    2   12    0 0  21512513
    3   15    0 0  21523
    4    4    0 0  21512514
    5   12    0 0  21512515
    6   20    0 0  21512516
        I-S            C-S           AUTO-IONIZATION DATA       Z= 4   N= 4
   CF   LV    W   CF   LV    W      AA*SEC         E-C(RYD)      E-I(RYD)
                                                                   0.000000
   NLEVEL=   20                                       E1/RY=     -29.360552
    K   LV    T 2S+1    L   2J   CF     (EK-E1)/RY
    1   16   10    1    0    0    1       0.000000
    2   19    5   -3    1    0    2       0.200649
    3   11    5   -3    1    2    2       0.200679
    4    6    5   -3    1    4    2       0.200738
    5   13    7   -1    1    2    2       0.463019
    6   10    9    3    0    2    4       0.500963
    7   18   12    1    0    0    4       0.528061
    8   15    4    3    1    0    3       0.544986
    9    9    4    3    1    2    3       0.545015
   10    5    4    3    1    4    3       0.545073
   11    4    3    1    2    4    6       0.555503
   12   20    6   -3    1    0    5       0.557170
   13   12    6   -3    1    2    5       0.557172
   14    7    6   -3    1    4    5       0.557175
   15   14    8   -1    1    2    5       0.579969
   16    8    1    3    2    2    6       0.583838
   17    2    1    3    2    4    6       0.583839
   18    1    1    3    2    6    6       0.583840
   19    3    2    1    2    4    3       0.647210
   20   17   11    1    0    0    3       0.796764
  
    
