  NV=    3  LV=   -1       K    1    2    3    4    5    6    7    8    9   10   11   12   13   14   15   16   17   18   19   20
  6CFLS  G   Z= 4    N= 4  NL  1 0  2 0  2 1  3 0  3 1  3 2
    1    1    0 0  21522
    2   12    0 0  21512513
    3   15    0 0  21523
    4    4    0 0  21512514
    5   12    0 0  21512515
    6   20    0 0  21512516
        I-S            C-S           AUTO-IONIZATION DATA       Z= 4   N= 4
   CF    T    W   CF    T    W      AA*SEC         E-C(RYD)      E-I(RYD)
                                                                   0.000000
    NTERM=   12                                       E1/RY=     -29.360552
    I    T      2S+1    L        CF     (EI-E1)/RY
    1   10         1    0         1       0.000000
    2    5        -3    1         2       0.200708
    3    7        -1    1         2       0.463019
    4    9         3    0         4       0.500963
    5   12         1    0         4       0.528061
    6    4         3    1         3       0.545044
    7    3         1    2         6       0.555503
    8    6        -3    1         5       0.557173
    9    8        -1    1         5       0.579969
   10    1         3    2         6       0.583839
   11    2         1    2         3       0.647210
   12   11         1    0         3       0.796764
    
    
