 S L P   CF   NI       ENERGY(RYD)
 1 0 0    1    1          0.000000       
 3 1 1    2    1          0.200434       
 1 1 1    2    2          0.462924       
 3 0 0    4    1          0.501166       
 1 0 0    4    2          0.528237       
 3 1 0    3    2          0.544382       
 1 2 0    6    2          0.555435       
 3 1 1    5    1          0.557318       
 1 1 1    5    2          0.580040       
 3 2 0    6    1          0.584045       
 1 2 0    3    1          0.646880       
 1 0 0    3    3          0.796402       
 0 0 0    0    0        -29.360581
