           4           4
          12           1          66
           1           0          -3           1          -1           1           3           0           3           1           1           0           1           2          -3           1          -1           1           3           2           1           2           1           0
    0.000000E+00    1.858980E-01    4.553576E-01    5.067713E-01    5.102973E-01
    5.323939E-01    5.441547E-01    5.600927E-01    5.800787E-01    5.892076E-01
    6.318959E-01    7.762651E-01
1.00000000E+06  0.000E+00 -1.475E+02  0.000E+00  0.000E+00  9.452E-01  1.634E+00
                0.000E+00 -6.162E+00  0.000E+00  1.269E-01  8.509E-02  0.000E+00
               -5.864E+01 -8.262E+02  0.000E+00  0.000E+00  6.530E+00  0.000E+00
               -2.478E+02  0.000E+00  0.000E+00  0.000E+00  0.000E+00 -3.419E+02
               -6.058E+00  0.000E+00  3.893E+01  0.000E+00 -1.201E+03 -1.394E+02
                0.000E+00  0.000E+00  0.000E+00 -4.691E+03  0.000E+00  1.188E+02
                0.000E+00  0.000E+00  0.000E+00  0.000E+00 -7.835E-01  0.000E+00
                0.000E+00  0.000E+00  0.000E+00  1.557E+01  0.000E+00 -1.251E+03
                0.000E+00  2.419E+01  3.366E-01  0.000E+00 -1.683E+03  0.000E+00
                1.038E+02  3.429E+00  0.000E+00 -1.159E+04  0.000E+00  0.000E+00
                0.000E+00 -1.516E+03 -6.818E+01  0.000E+00  0.000E+00  1.996E+00
           4           4
          12           1         -66
           1           0          -3           1          -1           1           3           0           3           1           1           0           1           2          -3           1          -1           1           3           2           1           2           1           0
    0.000000E+00    1.858980E-01    4.553576E-01    5.067713E-01    5.102973E-01
    5.323939E-01    5.441547E-01    5.600927E-01    5.800787E-01    5.892076E-01
    6.318959E-01    7.762651E-01
1.00000000E+06  0.000E+00 -1.475E+02  0.000E+00  0.000E+00 -5.864E+01  0.000E+00
                0.000E+00 -8.262E+02  0.000E+00  0.000E+00  9.452E-01  0.000E+00
               -3.419E+02  0.000E+00  0.000E+00  1.634E+00  0.000E+00 -6.058E+00
                0.000E+00  0.000E+00  1.557E+01  0.000E+00  6.530E+00  0.000E+00
               -4.691E+03 -7.835E-01  0.000E+00  0.000E+00 -6.162E+00  0.000E+00
                3.893E+01  0.000E+00  0.000E+00 -1.251E+03 -1.683E+03  0.000E+00
                0.000E+00 -2.478E+02  0.000E+00  1.188E+02  0.000E+00  0.000E+00
                0.000E+00 -1.159E+04  0.000E+00  1.269E-01  0.000E+00 -1.201E+03
                0.000E+00  0.000E+00  2.419E+01  1.038E+02  0.000E+00 -1.516E+03
                0.000E+00  8.509E-02  0.000E+00 -1.394E+02  0.000E+00  0.000E+00
                3.366E-01  3.429E+00  0.000E+00 -6.818E+01  0.000E+00  1.996E+00
