           4           4
          20           1         190
   0           1   0          -1   0          -3   0          -5   0          -3   0           3   0           1   0           3   0           5   0           1   0           5   0          -1   0          -3   0          -5   0          -3   0           3   0           5   0           7   0           5   0           1
    0.000000E+00    1.858299E-01    1.858639E-01    1.859321E-01    4.553576E-01
    5.067713E-01    5.102302E-01    5.102638E-01    5.103309E-01    5.323939E-01
    5.441547E-01    5.600887E-01    5.600907E-01    5.600948E-01    5.800787E-01
    5.892067E-01    5.892073E-01    5.892082E-01    6.318959E-01    7.762651E-01
1.00000000E+06  0.000E+00 -2.179E-06  0.000E+00 -1.475E+02  0.000E+00  1.291E-07
                0.000E+00  1.875E-06  9.452E-01  1.634E+00  0.000E+00 -1.132E-07
                0.000E+00 -6.162E+00  0.000E+00  0.000E+00  0.000E+00  1.269E-01
                8.509E-02  0.000E+00  1.426E+00  0.000E+00 -6.511E+00  0.000E+00
               -9.181E+01  0.000E+00  0.000E+00  0.000E+00  5.944E-01  0.000E+00
                1.305E-01  0.000E+00 -2.752E+01  0.000E+00  1.150E-01  0.000E+00
                0.000E+00  3.208E+00  2.726E-07 -1.954E+01 -9.181E+01 -6.885E+01
               -1.148E+02 -1.810E-05 -8.582E-05  0.000E+00  1.882E+00  2.938E-01
                1.244E-07 -2.065E+01 -6.194E+01  2.300E-01 -1.166E-08 -6.542E-07
                1.064E-07 -3.259E+01  0.000E+00 -1.148E+02 -3.443E+02  0.000E+00
               -3.916E-04  1.308E-01  2.942E-01  3.205E+00  6.050E-09 -1.377E+00
               -2.066E+01 -1.157E+02 -2.145E-05  0.000E+00 -1.883E-05 -1.576E-04
               -1.761E-06 -1.950E-05 -3.419E+02 -6.058E+00  0.000E+00  1.983E-06
                5.073E-07  3.893E+01 -1.281E-05 -3.329E-05  1.252E-07 -1.201E+03
               -1.394E+02  0.000E+00  0.000E+00  0.000E+00  0.000E+00  0.000E+00
               -5.212E+02 -1.564E+03 -2.606E+03 -1.416E-04  2.376E+01  3.960E+01
                5.544E+01  0.000E+00  0.000E+00  0.000E+00  1.462E+00  1.144E-05
                6.095E-06  0.000E+00 -8.718E-02  0.000E+00 -2.430E-04  0.000E+00
                0.000E+00  0.000E+00  6.344E-06  8.476E-08  3.289E+00  0.000E+00
                3.760E-06 -8.729E-02 -6.538E-02 -1.087E-01 -2.107E-07  0.000E+00
                0.000E+00  0.000E+00  2.103E-07  0.000E+00  1.134E-05  7.703E-05
                0.000E+00 -1.090E-01 -3.260E-01 -1.118E-03  0.000E+00  0.000E+00
                0.000E+00  6.160E-05  3.619E-06  1.557E+01  0.000E+00 -1.551E-04
                0.000E+00 -1.251E+03  0.000E+00  0.000E+00  0.000E+00  2.419E+01
                3.366E-01  0.000E+00 -1.902E-04 -7.958E-08 -1.683E+03  0.000E+00
                1.000E-30  0.000E+00  1.038E+02  3.429E+00  0.000E+00  2.170E+01
                0.000E+00 -1.288E+03  0.000E+00  5.352E+00  0.000E+00  0.000E+00
                4.883E+01  1.325E-05 -9.661E+02 -2.898E+03  1.070E+01 -2.074E-04
               -2.417E-06  4.518E-06 -6.440E+01 -9.660E+02 -5.410E+03 -6.936E-08
                0.000E+00 -8.617E-05 -2.560E-04  9.778E-07 -1.516E+03 -6.818E+01
                2.514E+01  6.692E+00  0.000E+00  0.000E+00  3.227E+01  1.000E-30
                0.000E+00  0.000E+00  0.000E+00  1.996E+00
           4           4
          20           1        -190
   0           1   0          -1   0          -3   0          -5   0          -3   0           3   0           1   0           3   0           5   0           1   0           5   0          -1   0          -3   0          -5   0          -3   0           3   0           5   0           7   0           5   0           1
    0.000000E+00    1.858299E-01    1.858639E-01    1.859321E-01    4.553576E-01
    5.067713E-01    5.102302E-01    5.102638E-01    5.103309E-01    5.323939E-01
    5.441547E-01    5.600887E-01    5.600907E-01    5.600948E-01    5.800787E-01
    5.892067E-01    5.892073E-01    5.892082E-01    6.318959E-01    7.762651E-01
1.00000000E+06  0.000E+00 -2.179E-06  0.000E+00  0.000E+00  1.426E+00  3.208E+00
               -1.475E+02  0.000E+00  2.726E-07  1.064E-07  0.000E+00 -6.511E+00
               -1.954E+01 -3.259E+01 -1.883E-05  1.291E-07  0.000E+00 -9.181E+01
                0.000E+00 -1.576E-04  0.000E+00  0.000E+00 -9.181E+01 -6.885E+01
               -1.148E+02 -1.761E-06  0.000E+00  0.000E+00  1.875E-06  0.000E+00
               -1.148E+02 -3.443E+02 -1.950E-05  0.000E+00  1.462E+00  3.289E+00
                9.452E-01  0.000E+00 -1.810E-05  0.000E+00 -3.419E+02  0.000E+00
                1.144E-05  0.000E+00  1.134E-05  1.634E+00  0.000E+00 -8.582E-05
               -3.916E-04 -6.058E+00  0.000E+00  6.095E-06  3.760E-06  7.703E-05
                1.557E+01  0.000E+00  5.944E-01  0.000E+00  1.308E-01  0.000E+00
               -5.212E+02  0.000E+00 -8.729E-02  0.000E+00  0.000E+00  0.000E+00
               -1.132E-07  0.000E+00  1.882E+00  2.942E-01  1.983E-06 -1.564E+03
               -8.718E-02 -6.538E-02 -1.090E-01 -1.551E-04 -1.902E-04  0.000E+00
                0.000E+00  1.305E-01  2.938E-01  3.205E+00  5.073E-07 -2.606E+03
                0.000E+00 -1.087E-01 -3.260E-01  0.000E+00 -7.958E-08  2.170E+01
                4.883E+01 -6.162E+00  0.000E+00  1.244E-07  6.050E-09  3.893E+01
               -1.416E-04 -2.430E-04 -2.107E-07 -1.118E-03 -1.251E+03 -1.683E+03
                0.000E+00  1.325E-05  4.518E-06  0.000E+00 -2.752E+01 -2.065E+01
               -1.377E+00 -1.281E-05  2.376E+01  0.000E+00  0.000E+00  0.000E+00
                0.000E+00  0.000E+00 -1.288E+03 -9.661E+02 -6.440E+01 -8.617E-05
                0.000E+00  0.000E+00 -6.194E+01 -2.066E+01 -3.329E-05  3.960E+01
                0.000E+00  0.000E+00  0.000E+00  0.000E+00  1.000E-30  0.000E+00
               -2.898E+03 -9.660E+02 -2.560E-04  2.514E+01  0.000E+00  1.150E-01
                2.300E-01 -1.157E+02  1.252E-07  5.544E+01  0.000E+00  0.000E+00
                0.000E+00  0.000E+00  0.000E+00  5.352E+00  1.070E+01 -5.410E+03
                9.778E-07  6.692E+00  3.227E+01  1.269E-01  0.000E+00 -1.166E-08
               -2.145E-05 -1.201E+03  0.000E+00  6.344E-06  2.103E-07  6.160E-05
                2.419E+01  1.038E+02  0.000E+00 -2.074E-04 -6.936E-08 -1.516E+03
                0.000E+00  1.000E-30  0.000E+00  8.509E-02  0.000E+00 -6.542E-07
                0.000E+00 -1.394E+02  0.000E+00  8.476E-08  0.000E+00  3.619E-06
                3.366E-01  3.429E+00  0.000E+00 -2.417E-06  0.000E+00 -6.818E+01
                0.000E+00  0.000E+00  0.000E+00  1.996E+00
