           4           4
          20           1         190
   0           1   0          -1   0          -3   0          -5   0          -3   0           3   0           1   0           3   0           5   0           1   0           5   0          -1   0          -3   0          -5   0          -3   0           3   0           5   0           7   0           5   0           1
    0.000000E+00    1.877683E-01    1.878106E-01    1.878951E-01    4.561160E-01
    5.066642E-01    5.147501E-01    5.147917E-01    5.148748E-01    5.325005E-01
    5.467769E-01    5.603320E-01    5.603345E-01    5.603394E-01    5.802041E-01
    5.894288E-01    5.894294E-01    5.894303E-01    6.334008E-01    7.780126E-01
1.00000000E+06  0.000E+00 -3.464E-06  0.000E+00 -1.482E+02  0.000E+00  3.285E-07
                0.000E+00  3.121E-06  9.548E-01  1.633E+00  0.000E+00 -1.764E-07
                0.000E+00 -6.302E+00  0.000E+00  0.000E+00  0.000E+00  1.119E-01
                8.705E-02  0.000E+00  1.429E+00  0.000E+00 -6.658E+00  0.000E+00
               -9.160E+01  0.000E+00  0.000E+00  0.000E+00  5.874E-01  0.000E+00
                1.294E-01  0.000E+00 -2.739E+01  0.000E+00  1.152E-01  0.000E+00
                0.000E+00  3.214E+00  4.232E-07 -1.998E+01 -9.160E+01 -6.870E+01
               -1.145E+02 -4.287E-05 -1.458E-04  0.000E+00  1.860E+00  2.913E-01
                1.958E-07 -2.055E+01 -6.165E+01  2.304E-01 -3.038E-09 -1.078E-06
                1.659E-07 -3.334E+01  0.000E+00 -1.145E+02 -3.435E+02  0.000E+00
               -6.496E-04  1.297E-01  2.917E-01  3.169E+00  7.884E-09 -1.371E+00
               -2.056E+01 -1.152E+02 -3.656E-05  0.000E+00 -2.962E-05 -3.255E-04
               -2.725E-06 -2.292E-05 -3.413E+02 -1.056E+01  0.000E+00  3.121E-06
                8.013E-07  3.907E+01 -2.015E-05 -5.451E-05  1.972E-07 -1.198E+03
               -1.398E+02  0.000E+00  0.000E+00  0.000E+00  0.000E+00  0.000E+00
               -5.202E+02 -1.561E+03 -2.601E+03 -2.196E-04  2.374E+01  3.956E+01
                5.539E+01  0.000E+00  0.000E+00  0.000E+00  1.466E+00  2.597E-05
                1.371E-05  0.000E+00 -9.472E-02  0.000E+00 -5.773E-04  0.000E+00
                0.000E+00  0.000E+00  1.379E-05  1.973E-07  3.299E+00  0.000E+00
                6.265E-06 -9.487E-02 -7.103E-02 -1.180E-01 -3.234E-07  0.000E+00
                0.000E+00  0.000E+00  3.576E-07  0.000E+00  2.110E-05  1.386E-04
                0.000E+00 -1.184E-01 -3.540E-01 -1.978E-03  0.000E+00  0.000E+00
                0.000E+00  1.062E-04  5.974E-06  1.642E+01  0.000E+00 -2.398E-04
                0.000E+00 -1.250E+03  0.000E+00  0.000E+00  0.000E+00  2.331E+01
                3.040E-01  0.000E+00 -3.087E-04 -2.182E-07 -1.757E+03  0.000E+00
                1.000E-30  0.000E+00  1.051E+02  3.315E+00  0.000E+00  2.182E+01
                0.000E+00 -1.294E+03  0.000E+00  5.376E+00  0.000E+00  0.000E+00
                4.910E+01  2.072E-05 -9.702E+02 -2.911E+03  1.075E+01 -3.198E-04
               -3.510E-06  7.066E-06 -6.468E+01 -9.702E+02 -5.433E+03 -3.593E-08
                0.000E+00 -1.346E-04 -4.039E-04  1.528E-06 -1.456E+03 -6.559E+01
                2.522E+01  6.714E+00  0.000E+00  0.000E+00  3.237E+01  1.000E-30
                0.000E+00  0.000E+00  0.000E+00  2.119E+00
           4           4
          20           1        -190
   0           1   0          -1   0          -3   0          -5   0          -3   0           3   0           1   0           3   0           5   0           1   0           5   0          -1   0          -3   0          -5   0          -3   0           3   0           5   0           7   0           5   0           1
    0.000000E+00    1.877683E-01    1.878106E-01    1.878951E-01    4.561160E-01
    5.066642E-01    5.147501E-01    5.147917E-01    5.148748E-01    5.325005E-01
    5.467769E-01    5.603320E-01    5.603345E-01    5.603394E-01    5.802041E-01
    5.894288E-01    5.894294E-01    5.894303E-01    6.334008E-01    7.780126E-01
1.00000000E+06  0.000E+00 -3.464E-06  0.000E+00  0.000E+00  1.429E+00  3.214E+00
               -1.482E+02  0.000E+00  4.232E-07  1.659E-07  0.000E+00 -6.658E+00
               -1.998E+01 -3.334E+01 -2.962E-05  3.285E-07  0.000E+00 -9.160E+01
                0.000E+00 -3.255E-04  0.000E+00  0.000E+00 -9.160E+01 -6.870E+01
               -1.145E+02 -2.725E-06  0.000E+00  0.000E+00  3.121E-06  0.000E+00
               -1.145E+02 -3.435E+02 -2.292E-05  0.000E+00  1.466E+00  3.299E+00
                9.548E-01  0.000E+00 -4.287E-05  0.000E+00 -3.413E+02  0.000E+00
                2.597E-05  0.000E+00  2.110E-05  1.633E+00  0.000E+00 -1.458E-04
               -6.496E-04 -1.056E+01  0.000E+00  1.371E-05  6.265E-06  1.386E-04
                1.642E+01  0.000E+00  5.874E-01  0.000E+00  1.297E-01  0.000E+00
               -5.202E+02  0.000E+00 -9.487E-02  0.000E+00  0.000E+00  0.000E+00
               -1.764E-07  0.000E+00  1.860E+00  2.917E-01  3.121E-06 -1.561E+03
               -9.472E-02 -7.103E-02 -1.184E-01 -2.398E-04 -3.087E-04  0.000E+00
                0.000E+00  1.294E-01  2.913E-01  3.169E+00  8.013E-07 -2.601E+03
                0.000E+00 -1.180E-01 -3.540E-01  0.000E+00 -2.182E-07  2.182E+01
                4.910E+01 -6.302E+00  0.000E+00  1.958E-07  7.884E-09  3.907E+01
               -2.196E-04 -5.773E-04 -3.234E-07 -1.978E-03 -1.250E+03 -1.757E+03
                0.000E+00  2.072E-05  7.066E-06  0.000E+00 -2.739E+01 -2.055E+01
               -1.371E+00 -2.015E-05  2.374E+01  0.000E+00  0.000E+00  0.000E+00
                0.000E+00  0.000E+00 -1.294E+03 -9.702E+02 -6.468E+01 -1.346E-04
                0.000E+00  0.000E+00 -6.165E+01 -2.056E+01 -5.451E-05  3.956E+01
                0.000E+00  0.000E+00  0.000E+00  0.000E+00  1.000E-30  0.000E+00
               -2.911E+03 -9.702E+02 -4.039E-04  2.522E+01  0.000E+00  1.152E-01
                2.304E-01 -1.152E+02  1.972E-07  5.539E+01  0.000E+00  0.000E+00
                0.000E+00  0.000E+00  0.000E+00  5.376E+00  1.075E+01 -5.433E+03
                1.528E-06  6.714E+00  3.237E+01  1.119E-01  0.000E+00 -3.038E-09
               -3.656E-05 -1.198E+03  0.000E+00  1.379E-05  3.576E-07  1.062E-04
                2.331E+01  1.051E+02  0.000E+00 -3.198E-04 -3.593E-08 -1.456E+03
                0.000E+00  1.000E-30  0.000E+00  8.705E-02  0.000E+00 -1.078E-06
                0.000E+00 -1.398E+02  0.000E+00  1.973E-07  0.000E+00  5.974E-06
                3.040E-01  3.315E+00  0.000E+00 -3.510E-06  0.000E+00 -6.559E+01
                0.000E+00  0.000E+00  0.000E+00  2.119E+00
