           4           4
          12           1          66
           1           0          -3           1          -1           1           3           0           3           1           1           0           1           2          -3           1          -1           1           3           2           1           2           1           0
    0.000000E+00    1.925637E-01    4.609051E-01    5.090843E-01    5.259851E-01
    5.352465E-01    5.542578E-01    5.635316E-01    5.840500E-01    5.926389E-01
    6.401810E-01    7.879532E-01
1.00000000E+06  0.000E+00 -1.477E+02  0.000E+00  0.000E+00  9.593E-01  1.626E+00
                0.000E+00 -7.097E+00  0.000E+00  8.362E-02  8.930E-02  0.000E+00
               -6.253E+01 -8.177E+02  0.000E+00  0.000E+00  6.511E+00  0.000E+00
               -2.480E+02  0.000E+00  0.000E+00  0.000E+00  0.000E+00 -3.509E+02
               -2.834E+01  0.000E+00  4.054E+01  0.000E+00 -1.204E+03 -1.378E+02
                0.000E+00  0.000E+00  0.000E+00 -4.646E+03  0.000E+00  1.179E+02
                0.000E+00  0.000E+00  0.000E+00  0.000E+00 -8.238E-01  0.000E+00
                0.000E+00  0.000E+00  0.000E+00  1.817E+01  0.000E+00 -1.229E+03
                0.000E+00  2.130E+01  2.613E-01  0.000E+00 -1.899E+03  0.000E+00
                1.061E+02  3.053E+00  0.000E+00 -1.164E+04  0.000E+00  0.000E+00
                0.000E+00 -1.286E+03 -6.367E+01  0.000E+00  0.000E+00  2.370E+00
           4           4
          12           1         -66
           1           0          -3           1          -1           1           3           0           3           1           1           0           1           2          -3           1          -1           1           3           2           1           2           1           0
    0.000000E+00    1.925637E-01    4.609051E-01    5.090843E-01    5.259851E-01
    5.352465E-01    5.542578E-01    5.635316E-01    5.840500E-01    5.926389E-01
    6.401810E-01    7.879532E-01
1.00000000E+06  0.000E+00 -1.477E+02  0.000E+00  0.000E+00 -6.253E+01  0.000E+00
                0.000E+00 -8.177E+02  0.000E+00  0.000E+00  9.593E-01  0.000E+00
               -3.509E+02  0.000E+00  0.000E+00  1.626E+00  0.000E+00 -2.834E+01
                0.000E+00  0.000E+00  1.817E+01  0.000E+00  6.511E+00  0.000E+00
               -4.646E+03 -8.238E-01  0.000E+00  0.000E+00 -7.097E+00  0.000E+00
                4.054E+01  0.000E+00  0.000E+00 -1.229E+03 -1.899E+03  0.000E+00
                0.000E+00 -2.480E+02  0.000E+00  1.179E+02  0.000E+00  0.000E+00
                0.000E+00 -1.164E+04  0.000E+00  8.362E-02  0.000E+00 -1.204E+03
                0.000E+00  0.000E+00  2.130E+01  1.061E+02  0.000E+00 -1.286E+03
                0.000E+00  8.930E-02  0.000E+00 -1.378E+02  0.000E+00  0.000E+00
                2.613E-01  3.053E+00  0.000E+00 -6.367E+01  0.000E+00  2.370E+00
